Afghanistan,62.1997,34.3482	2,89,7
Afghanistan,64.8446,31.0777	6,10,7
Afghanistan,66.2163,32.7357	1,20,7
Afghanistan,66.8276,33.7471	3,6,7
Afghanistan,67.402,36.1718	4,4,7
Afghanistan,67.7721,31.9422	1,6,7
Afghanistan,68.4225,33.5508	0,8,7
Albania,19.4414,41.3231	2,5,7
Albania,19.8189,41.3275	2,21,7
Albania,20.0,41.0	1,103,7
Algeria,3.05056,36.7631	2,101,7
Angola,13.2344,-8.83833	3,3,7
Argentina,-58.6725,-34.5875	2,128,7
Argentina,-64.0,-34.0	2,296,7
Argentina,-68.3,-54.8	1,6,7
Armenia,44.5136,40.1811	1,210,7
Armenia,44.8174,41.2436	1,21,7
Aruba,-69.9667,12.5	3,8,7
Australia,133.0,-27.0	1,3363,7
Australia,138.604,-34.9197	3,15,7
Australia,144.617,-38.1333	2,4,7
Australia,144.883,-37.7833	1,4,7
Australia,146.95,-42.8167	1,4,7
Australia,147.033,-42.7167	0,2,7
Australia,147.266,-42.6839	1,8,7
Australia,147.333,-41.6333	4,8,7
Australia,147.354,-35.1258	2,8,7
Australia,149.126,-36.2347	1,4,7
Australia,150.7,-33.75	2,10,7
Australia,151.15,-34.05	1,30,7
Australia,152.658,-26.1892	3,16,7
Australia,152.683,-26.35	3,2,7
Australia,152.9,-27.6167	2,9,7
Australia,153.017,-27.5	2,376,7
Australia,153.167,-26.8167	1,30,7
Austria,13.3333,47.3333	3,224,7
Austria,16.3667,48.2	1,205,7
Azerbaijan,49.8208,40.3069	3,2,7
Azerbaijan,49.8822,40.3953	1,51,7
Bahamas,-76.0,24.25	1,61,7
Bahrain,50.5831,26.2361	4,19,7
Bangladesh,88.4336,26.0559	2,18,7
Bangladesh,89.0,23.0	3,2,7
Bangladesh,90.0,24.0	1,593,7
Bangladesh,90.3254,22.2609	3,10,7
Bangladesh,90.3667,22.95	2,10,7
Bangladesh,90.4086,23.7231	2,220,7
Bangladesh,90.7,24.95	2,6,7
Bangladesh,90.7833,23.0167	0,30,7
Bangladesh,90.9333,24.6333	0,3,7
Bangladesh,91.3667,24.1833	2,20,7
Bangladesh,92.1643,21.219	1,39,7
Bangladesh,92.19,22.6411	0,2,7
Bangladesh,92.3708,20.7185	1,10,7
Belarus,28.5987,55.5318	1,6,7
Belgium,4.4781,50.7338	3,4,7
Belgium,4.5,50.0333	0,2,7
Belize,-75.0,15.0	0,9,7
Belize,-88.1833,17.4833	1,3,7
Belize,-88.7833,16.1167	1,8,7
Bermuda,-64.75,32.3333	1,566,7
Bhutan,89.6,27.4833	4,30,7
Bolivia,-65.0,-17.0	0,50,7
Botswana,21.85,-18.3667	1,18,7
Brazil,-42.0833,-5.21667	0,4,7
Brazil,-43.75,-21.3167	4,7,7
Brazil,-49.0615,-26.9222	1,6,7
Brazil,-49.0667,-22.3167	0,6,7
BritishVirginIslands,-64.5,18.5	3,10,7
Brunei,115.0,15.0	1,76,7
Bulgaria,22.6911,42.2839	1,2,7
Bulgaria,22.7175,43.9989	1,2,7
Bulgaria,23.3167,42.6833	1,661,7
Bulgaria,24.3167,42.5	1,16,7
Bulgaria,25.4,42.6167	1,15,7
BurkinaFaso,-2.0,13.0	0,1,7
Cambodia,103.117,10.2667	1,8,7
Cambodia,104.468,11.3964	2,3,7
Cambodia,105.063,13.5943	3,2,7
Cambodia,106.667,10.3333	0,1,7
Cameroon,14.0115,11.1621	1,92,7
Cameroon,14.2667,5.73333	0,34,7
Cameroon,14.3159,10.5909	1,31,7
Cameroon,8.5744,4.6694	2,2,7
Canada,-105.75,53.2	3,68,7
Canada,-114.017,51.2667	5,4,7
Canada,-119.083,58.75	3,18,7
Canada,-122.3,49.05	2,116,7
Canada,-122.95,49.25	0,6,7
Canada,-123.067,49.3167	0,6,7
Canada,-56.0,52.0	4,8,7
Canada,-59.7833,45.95	1,10,7
Canada,-60.2833,46.15	2,6,7
Canada,-62.6167,45.6167	3,2,7
Canada,-62.7,45.6667	2,10,7
Canada,-63.5,46.3333	2,12,7
Canada,-64.9667,62.55	0,10,7
Canada,-65.1667,44.9167	0,8,7
Canada,-65.4333,47.0333	1,14,7
Canada,-66.3667,48.0667	1,44,7
Canada,-75.7,45.4167	2,1195,7
Canada,-79.25,43.9667	1,6,7
Canada,-79.3,45.0	5,10,7
Canada,-79.4167,43.6667	2,1053,7
Canada,-79.8333,44.4167	4,8,7
Canada,-80.3833,48.4833	1,11,7
Canada,-82.65,46.3833	6,3,7
CentralAfricanRepublic,15.7883,4.25827	1,59,7
CentralAfricanRepublic,17.2553,7.25904	0,30,7
CentralAfricanRepublic,17.8291,7.0616	1,40,7
CentralAfricanRepublic,18.1275,4.80048	2,47,7
CentralAfricanRepublic,19.0792,6.32229	3,16,7
CentralAfricanRepublic,21.4,4.53333	2,5,7
Chad,14.9937,8.9303	2,20,7
Chile,-67.2667,-55.9833	1,1,7
Chile,-70.6667,-33.45	1,41,7
Chile,-71.0,-30.0	2,32,7
Chile,-72.3,-35.2167	2,10,7
Chile,-72.8333,-39.85	2,2,7
China,102.718,25.0389	0,4,7
China,102.766,24.8115	1,15,7
China,104.067,30.6667	5,2,7
China,104.281,30.9802	2,10,7
China,109.525,19.893	1,40,7
China,113.25,23.1167	2,15,7
China,114.287,28.3951	3,8,7
China,116.391,39.9044	1,30,7
China,116.692,26.9512	3,4,7
China,116.821,23.571	3,10,7
China,117.41,26.851	1,6,7
China,117.843,26.545	2,10,7
China,120.0,29.0	1,2,7
China,120.897,29.4267	0,8,7
China,121.141,31.7867	1,3,7
China,125.777,41.2994	4,10,7
China,129.336,42.7683	2,6,7
China,129.775,43.3055	2,2,7
China,88.8833,29.25	1,2,7
China,90.701,30.001	1,20,7
Colombia,-74.3853,5.61056	4,4,7
Colombia,-75.5361,6.29139	2,12,7
Colombia,-75.6357,6.29665	0,876,7
Congo,12.1833,-3.21667	3,8,7
CostaRica,-84.2116,10.0162	1,3,7
CotedIvoire,-4.02806,5.34111	1,10,7
Croatia,13.64,45.08	3,2,7
Croatia,18.0,45.3333	1,14,7
Cuba,-75.6797,20.1997	0,34,7
Cuba,-78.3089,21.8094	6,2,7
Cuba,-80.3161,22.5933	2,8,7
Cuba,-80.8833,22.8167	1,8,7
Cuba,-81.2514,23.1536	4,5,7
Cyprus,33.0333,34.675	2,242,7
CzechRepublic,14.2188,49.8504	4,1,7
Czechoslovakia,17.1167,48.15	1,14,7
Czechoslovakia,19.5,48.6667	1,36,7
DemocraticRepublicoftheCongo,29.9667,1.85	2,2,7
Denmark,12.5833,55.6667	2,154,7
Djibouti,39.5,19.0	1,102,7
Djibouti,43.1328,11.5078	1,7,7
Dominica,-61.3333,15.4167	0,12,7
DominicanRepublic,-70.4525,19.4695	0,15,7
EastTimor,126.321,-8.73308	1,7,7
Ecuador,-75.4,-0.933333	3,2,7
Egypt,31.1833,29.9333	1,6,7
Egypt,31.2326,30.0433	3,4,7
Egypt,31.3386,30.113	1,8,7
Egypt,31.3481,30.0643	1,6,7
Egypt,32.5263,29.9737	1,4,7
ElSalvador,-88.9333,14.0333	2,1,7
ElSalvador,-89.2031,13.7086	0,10,7
Eritrea,37.8031,14.7275	3,16,7
Eritrea,38.9333,15.3333	0,56,7
Eritrea,39.0,15.0	1,511,7
Eritrea,39.0994,14.8053	1,40,7
Estonia,24.7281,59.4339	1,33,7
Estonia,26.0,59.0	2,55,7
Ethiopia,37.4667,12.6	2,5,7
Ethiopia,38.0,8.0	1,691,7
Ethiopia,38.7,9.03333	1,95,7
Ethiopia,39.0,9.0	0,6,7
Ethiopia,39.5,13.5	2,8,7
Ethiopia,40.0,11.5	3,10,7
Ethiopia,43.1244,9.69083	1,4,7
Ethiopia,45.0,8.0	1,15,7
Fiji,178.233,-17.55	2,8,7
France,0.865252,47.7532	3,1,7
France,2.0,46.0	1,2392,7
France,2.36104,48.9669	1,10,7
France,2.41077,48.9936	2,1,7
France,3.74914,48.6176	1,4,7
France,4.23096,48.6121	3,8,7
France,6.38706,45.6697	2,4,7
France,8.95477,42.617	2,4,7
GazaStrip,34.3063,31.3402	0,18,7
GazaStrip,34.4417,31.518	1,6,7
Georgia,41.1599,42.7908	3,40,7
Georgia,43.5,42.0	2,2,7
Germany,10.0,52.0	1,60,7
Germany,10.1667,48.5667	2,116,7
Germany,10.8667,47.6833	1,12,7
Germany,11.5833,48.15	2,33,7
Germany,13.0,49.0	1,2,7
Germany,13.2,52.55	1,6,7
Germany,8.08333,51.3833	1,16,7
Germany,8.65,50.1667	2,4,7
Germany,8.70694,49.5625	0,15,7
Ghana,-1.0,5.5	1,10,7
Ghana,-1.46667,6.33333	4,20,7
Ghana,-2.0,8.0	1,39,7
Ghana,-2.6599,6.39476	1,2,7
Gibraltar,-5.3667,36.1833	1,4,7
Greece,22.0,39.0	1,440,7
Greece,22.4667,38.0	6,10,7
Greece,23.5833,38.0667	0,5,7
Greece,24.1667,35.25	3,10,7
Greece,25.151,37.5597	0,2,7
Greece,25.4592,36.3956	6,12,7
Greece,25.7353,35.01	1,9,7
Guatemala,-89.9,14.7167	1,10,7
Guatemala,-90.25,15.5	1,323,7
Guatemala,-90.785,14.305	0,8,7
Guatemala,-91.5167,14.8333	1,6,7
Guyana,-58.15,6.8	2,6,7
Honduras,-87.8,15.4	1,1,7
HongKong,114.167,22.25	1,463,7
Hungary,21.4167,48.1167	5,10,7
Iceland,-16.8314,64.8524	4,8,7
India,72.6833,25.85	2,4,7
India,74.2833,29.2167	0,5,7
India,74.8667,31.6	2,14,7
India,76.7808,30.3783	1,2,7
India,76.9806,29.6161	2,34,7
India,77.0667,10.1	1,6,7
India,77.2,28.6	1,206,7
India,77.25,28.5833	6,32,7
India,77.5833,12.9833	1,140,7
India,77.6833,29.4667	1,1,7
India,77.7,28.9833	2,6,7
India,78.4744,17.3753	1,24,7
India,78.7833,28.8333	1,6,7
India,79.1,21.15	1,2,7
India,79.9333,29.7167	2,1,7
India,79.9667,14.4333	1,2,7
India,80.2408,13.08	2,3,7
India,80.9167,26.85	1,15,7
India,81.5333,24.95	1,55,7
India,81.8833,25.4167	2,8,7
India,82.2,26.8	3,10,7
India,84.4167,20.5	1,94,7
India,85.4,26.1167	1,1,7
India,85.8333,20.2333	2,8,7
India,86.25,25.9333	1,140,7
India,86.45,23.8	2,16,7
India,86.4833,26.0833	5,1,7
India,87.8694,23.2406	0,76,7
India,88.3342,22.5303	0,6,7
India,88.8689,22.5981	4,10,7
India,91.0,26.3167	0,18,7
India,91.275,23.8364	0,8,7
India,92.0,24.0	1,140,7
India,93.5,26.0	1,22,7
India,93.95,24.8167	2,2,7
India,93.9667,26.5167	2,20,7
India,94.25,26.0	2,4,7
Indonesia,102.0,0.0	2,4,7
Indonesia,103.617,-1.6	0,10,7
Indonesia,107.439,-7.1262	0,20,7
Indonesia,108.515,-6.848	2,8,7
Indonesia,112.337,-7.1046	2,13,7
Indonesia,120.0,-5.0	1,272,7
Indonesia,122.225,-3.015	4,10,7
Indonesia,123.583,-10.1667	0,10,7
Indonesia,98.2202,3.7181	1,15,7
Indonesia,98.8843,3.60397	0,2,7
Indonesia,99.53,2.9652	0,4,7
Iran,50.0064,32.9228	3,40,7
Iran,50.2055,30.6693	1,87,7
Iran,51.4128,31.6424	2,6,7
Iran,51.4216,35.705	3,20,7
Iran,51.5148,35.75	2,792,7
Iran,53.0,32.0	1,1596,7
Iran,54.6316,27.9172	2,2,7
Iran,57.8992,28.9742	3,4,7
Iran,57.95,28.85	2,8,7
Iraq,41.7804,36.3556	1,15,7
Iraq,42.4481,36.3791	1,534,7
Iraq,42.7036,37.148	2,54,7
Iraq,42.9245,35.7766	1,4,7
Iraq,43.0967,36.7342	1,146,7
Iraq,43.1203,36.4911	2,12,7
Iraq,43.3078,33.4206	1,20,7
Iraq,43.3776,36.2709	1,136,7
Iraq,43.397,35.6554	2,111,7
Iraq,43.6707,36.2784	2,8,7
Iraq,43.7861,33.3558	1,399,7
Iraq,43.8406,35.5296	1,10,7
Iraq,44.0,33.0	2,3214,7
Iraq,44.0106,36.1926	1,791,7
Iraq,44.0165,32.5979	1,94,7
Iraq,44.091,36.4033	2,2,7
Iraq,44.3173,36.6036	1,870,7
Iraq,44.4116,32.5312	1,923,7
Iraq,44.4443,33.3064	1,9,7
Iraq,44.4682,33.3491	1,10,7
Iraq,44.4835,36.4769	1,20,7
Iraq,45.4329,35.565	0,5,7
Iraq,46.0589,33.1304	4,12,7
Iraq,47.4167,31.0	1,23,7
Ireland,-6.24889,53.3331	2,231,7
Ireland,-6.54139,53.9486	2,2,7
Ireland,-7.14639,52.1589	2,10,7
Ireland,-7.3,53.0322	0,10,7
Ireland,-7.5,53.5	2,6,7
Ireland,-8.46773,51.8976	1,30,7
Ireland,-9.0,52.8333	3,4,7
Israel,34.3333,31.4167	1,16211,7
Israel,34.6456,31.5068	2,2,7
Israel,34.6799,31.733	0,13,7
Israel,34.6833,31.7167	2,4,7
Israel,34.7863,31.2516	2,56,7
Israel,34.8142,32.0806	1,42,7
Israel,34.8367,32.1658	1,157,7
Israel,34.8599,32.3329	2,5,7
Israel,34.8669,31.9253	0,39,7
Israel,34.8672,32.1808	0,4,7
Israel,34.9105,32.2827	1,5,7
Israel,34.9333,31.7333	1,4,7
Israel,34.945,32.5232	2,8,7
Israel,34.9482,29.558	1,20,7
Israel,34.9856,31.9339	1,22,7
Israel,35.15,31.7333	0,2,7
Israel,35.1631,31.7678	0,16,7
Israel,35.2895,32.6095	0,28,7
Israel,35.4145,33.0439	2,16,7
Israel,35.4264,32.775	0,30,7
Israel,35.5027,32.7471	1,10,7
Israel,35.5333,32.45	0,84,7
Israel,35.5575,31.7633	4,2,7
Israel,35.5746,32.7135	8,6,7
Italy,12.3333,37.9333	2,8,7
Italy,12.5833,35.5167	2,20,7
Italy,12.6,35.5	1,347,7
Italy,12.6167,41.45	1,10,7
Italy,13.0667,45.6833	2,8,7
Italy,13.3667,38.1167	2,160,7
Italy,13.5333,37.2833	2,112,7
Italy,13.5333,43.0167	2,16,7
Italy,13.9,42.2667	4,2,7
Italy,14.25,37.75	3,84,7
Italy,14.4833,41.6333	5,8,7
Italy,18.35,39.8	0,515,7
Italy,8.0,45.0	1,78,7
Jamaica,-76.7409,18.001	2,10,7
Jamaica,-77.0348,18.2388	2,2,7
Jamaica,-77.5,18.25	1,132,7
Jamaica,-77.9188,18.4712	2,20,7
Japan,127.801,26.3358	1,13,7
Japan,135.75,35.0	3,79,7
Japan,138.0,36.0	2,671,7
Japan,138.982,36.5075	2,5,7
Japan,139.024,37.9022	2,6,7
Japan,139.35,35.3167	1,2,7
Japan,139.751,35.685	2,315,7
Jordan,35.5833,32.6333	2,2,7
Jordan,35.8667,32.2667	4,4,7
Jordan,35.8934,32.5038	3,2,7
Jordan,36.208,32.3429	2,122,7
Kazakhstan,52.1667,44.25	2,6,7
Kazakhstan,76.95,43.25	0,149,7
Kenya,34.8733,3.70603	3,87,7
Kenya,35.105,0.203869	1,16,7
Kenya,36.85,-1.26667	2,8,7
Kenya,36.9,-1.25	3,8,7
Kenya,40.0956,0.612222	3,30,7
Kenya,40.8991,-2.26925	0,30,7
Kiribati,173.283,2.01667	1,6,7
Kosovo,20.4333,42.4833	2,1,7
Kuwait,47.9783,29.3697	4,6,7
Kyrgyzstan,74.6003,42.8731	0,19,7
Kyrgyzstan,75.0,41.0	1,3,7
Laos,104.751,16.566	0,30,7
Lebanon,35.5324,33.6504	2,2,7
Lebanon,35.7991,34.1252	1,8,7
Lebanon,35.8333,33.8333	1,1865,7
Lebanon,35.9931,34.4992	2,7,7
Lebanon,36.4208,34.1794	1,474,7
Liberia,-9.75,6.25	4,4,7
Libya,13.18,32.8925	1,505,7
Libya,13.3506,32.8817	1,2,7
Libya,14.4283,27.0377	1,10,7
Libya,17.0,25.0	1,701,7
Libya,20.1948,30.9208	2,12,7
Libya,22.5,31.0	2,12,7
Libya,22.6367,32.767	0,25,7
Lithuania,25.3167,54.7	2,6,7
Malaysia,100.933,4.76667	1,10,7
Malaysia,101.667,3.08333	0,11,7
Malaysia,102.467,4.7	1,2,7
Malaysia,104.112,1.3651	1,10,7
Malaysia,114.0,1.0	0,42,7
Malaysia,118.327,5.0268	1,14,7
Malaysia,118.611,4.48178	0,37,7
Malta,14.25,36.0494	2,6,7
Malta,14.4106,35.9514	0,1,7
Malta,14.5833,35.8333	1,438,7
Mexico,-100.317,25.6667	3,13,7
Mexico,-103.333,20.6667	3,51,7
Mexico,-103.467,26.0667	0,1,7
Mexico,-106.1,28.7333	1,148,7
Mexico,-109.683,23.05	1,46,7
Mexico,-109.9,22.8833	0,316,7
Mexico,-110.9,28.8667	0,2,7
Mexico,-115.235,32.5175	2,18,7
Mexico,-117.017,32.5333	1,905,7
Mexico,-90.45,16.15	1,1,7
Mexico,-92.4667,15.15	0,924,7
Mexico,-93.3417,18.2083	2,4,7
Mexico,-95.8167,18.7167	2,12,7
Mexico,-97.5667,19.0667	1,10,7
Mexico,-98.2,19.05	3,51,7
Mexico,-99.35,18.3	5,9,7
Moldova,29.0,47.0	3,6,7
Morocco,-2.92866,35.174	0,12,7
Morocco,-6.83,34.02	2,25,7
Mozambique,32.5892,-25.9653	1,20,7
Mozambique,35.0,-18.25	2,14,7
Mozambique,35.2406,-13.3128	2,28,7
Myanmar,92.3667,20.8167	0,36,7
Myanmar,92.9,20.15	1,40,7
Myanmar,94.25,19.0	0,4,7
Myanmar,94.9167,20.15	0,2,7
Myanmar,95.0833,22.0833	2,2,7
Myanmar,96.3167,23.8833	1,9,7
Myanmar,97.4,25.3833	0,2,7
Myanmar,97.5,19.25	2,10,7
Myanmar,97.5,26.0	1,100,7
Myanmar,97.75,17.5	1,14,7
Myanmar,98.0,22.0	1,372,7
Myanmar,98.1501,22.8308	3,10,7
Namibia,17.0,-22.0	3,10,7
Namibia,17.0836,-22.57	3,20,7
Nauru,166.95,-0.533333	1,60,7
Nepal,84.6201,28.0024	2,17,7
Nepal,85.25,27.4167	3,8,7
Nepal,85.3142,27.6766	3,2,7
Nepal,85.3595,27.6986	2,20,7
Nepal,85.4833,27.95	2,5,7
Nepal,88.0454,27.6836	5,1,7
Netherlands,4.65,52.3667	1,20,7
Netherlands,5.89636,51.2507	2,3,7
Netherlands,5.96667,52.2167	2,3,7
Netherlands,6.02486,51.2802	1,5,7
Netherlands,6.55,53.2167	6,4,7
NewZealand,171.0,-43.0	2,5,7
NewZealand,174.8,-36.9667	2,66,7
NewZealand,174.833,-41.3167	2,10,7
Nicaragua,-86.2683,12.1508	1,106,7
Nigeria,11.5,12.0	3,2,7
Nigeria,11.9608,11.747	0,12,7
Nigeria,12.2833,9.53333	2,8,7
Nigeria,13.0,11.5	0,197,7
Nigeria,13.1603,11.8464	1,80,7
Nigeria,7.53333,9.08333	1,88,7
Nigeria,8.20353,11.4436	0,30,7
Nigeria,8.76665,12.4016	0,29,7
Nigeria,9.4668,12.583	4,6,7
NorthKorea,127.0,40.0	2,119,7
Norway,6.13333,61.8167	1,3,7
Oceans,20.0,35.0	1,161,7
Oman,54.0924,17.015	6,6,7
Oman,57.0,21.0	1,260,7
Pakistan,65.6436,28.4785	1,54,7
Pakistan,67.6667,24.2833	1,10,7
Pakistan,68.1269,27.5334	2,2,7
Pakistan,68.3714,25.3853	1,4,7
Pakistan,69.3161,28.006	2,5,7
Pakistan,69.4917,26.8167	3,40,7
Pakistan,69.5747,32.7172	0,2,7
Pakistan,70.0697,33.0086	1,28,7
Pakistan,71.4966,29.5625	1,1,7
Pakistan,71.5733,34.0078	1,220,7
Pakistan,71.8184,33.9123	1,2,7
Pakistan,72.0525,34.2019	3,16,7
Pakistan,72.1502,34.796	0,189,7
Pakistan,72.1833,30.2167	0,16,7
Pakistan,72.3225,33.0826	1,10,7
Pakistan,72.4758,34.4756	1,7,7
Pakistan,72.5024,34.4599	2,8,7
Pakistan,72.7137,31.2089	1,46,7
Pakistan,72.8164,34.945	1,10,7
Pakistan,73.0667,33.6	3,18,7
Pakistan,73.1667,33.7	1,308,7
Pakistan,73.4843,32.5834	0,10,7
Pakistan,73.751,32.0387	4,68,7
Pakistan,74.2849,32.3879	1,2,7
Pakistan,74.3342,31.4641	3,10,7
Pakistan,74.9059,35.6497	1,1,7
PapuaNewGuinea,143.702,-5.47808	2,2,7
PapuaNewGuinea,147.0,-2.0	0,12,7
PapuaNewGuinea,147.271,-2.02259	1,19,7
Paraguay,-57.6667,-25.2667	3,24,7
Peru,-72.5314,-13.1583	0,6,7
Peru,-72.5864,-15.3817	0,7,7
Peru,-76.0,-10.0	1,59,7
Peru,-78.5306,-5.63472	0,2,7
Philippines,120.517,16.1	0,2,7
Philippines,120.78,16.17	3,8,7
Philippines,121.0,14.5833	1,10,7
Philippines,121.105,6.015	0,2,7
Philippines,122.023,6.92584	1,10,7
Philippines,122.072,6.91025	2,17,7
Philippines,123.307,9.307	2,6,7
Philippines,123.5,11.0	2,51,7
Philippines,123.949,10.3103	1,64,7
Philippines,124.448,11.1555	3,3,7
Philippines,124.877,8.93917	0,2,7
Philippines,125.016,11.1094	3,3,7
Philippines,125.536,11.4283	1,4,7
Philippines,125.613,7.07306	3,20,7
Philippines,125.675,7.62233	2,20,7
Philippines,126.453,7.79139	1,8,7
Poland,15.7325,50.7356	2,100,7
Poland,17.9179,52.4134	2,2,7
Poland,19.1241,50.7965	1,1,7
Poland,19.9648,54.4178	0,12,7
Poland,20.0,52.0	2,272,7
Poland,20.9703,52.2048	5,10,7
Poland,23.8925,50.805	2,8,7
Portugal,-7.64757,37.5453	2,10,7
Portugal,-9.13333,38.7167	3,52,7
Reunion,55.6,-21.1	3,1,7
Romania,21.35,46.2833	2,1,7
Romania,26.0,44.0	2,3,7
Romania,26.1,44.4333	1,539,7
Romania,26.5167,44.4667	5,12,7
Russia,30.2642,59.8944	1,852,7
Russia,33.3131,53.8855	2,10,7
Russia,37.4139,55.9719	2,52,7
Russia,37.4297,55.897	1,3,7
Russia,37.6156,55.7522	1,8898,7
Russia,38.7474,47.1688	3,10,7
Russia,40.0,45.0	0,8,7
Russia,40.0913,47.4202	2,7,7
Russia,43.5369,43.6881	0,5,7
Russia,44.0075,56.3269	0,10,7
Russia,44.1976,42.8741	1,4,7
Russia,45.05,51.4833	2,6,7
Russia,52.3667,52.0667	1,1,7
Russia,61.4297,55.1544	1,14,7
Russia,82.9344,55.0411	0,20,7
Rwanda,29.3756,-2.0762	2,8,7
Rwanda,30.0,-2.0	2,554,7
Rwanda,30.0606,-1.95361	2,181,7
Rwanda,30.3167,-1.6	1,8,7
SaudiArabia,38.5065,24.4976	1,6,7
SaudiArabia,46.7728,24.6408	2,177,7
SaudiArabia,50.1033,26.4344	2,2,7
Senegal,-14.0,14.0	0,5,7
Senegal,-17.6339,14.7367	1,43,7
Serbia,20.4653,44.8331	3,16,7
SierraLeone,-10.7667,8.43333	2,12,7
Singapore,103.8,1.3667	1,106,7
Slovenia,13.7303,45.8272	4,2,7
SolomonIslands,159.95,-9.43333	1,21,7
Somalia,44.2119,4.15068	2,6,7
Somalia,47.0,5.0	6,10,7
Somalia,48.4845,8.40536	2,5,7
Somalia,49.0,10.0	1,653,7
SouthAfrica,23.0654,-28.3339	0,4,7
SouthAfrica,24.0,-29.0	1,251,7
SouthAfrica,25.6167,-26.1833	1,10,7
SouthAfrica,27.7195,-23.2303	4,8,7
SouthAfrica,27.7492,-28.165	2,10,7
SouthAfrica,27.8667,-26.2667	2,2,7
SouthAfrica,27.9055,-23.2177	0,4,7
SouthAfrica,28.0833,-26.2	1,534,7
SouthAfrica,28.2257,-26.466	0,6,7
SouthAfrica,31.5874,-25.4666	2,14,7
SouthKorea,126.732,37.4536	0,10,7
SouthKorea,127.0,37.5664	2,344,7
SouthKorea,128.298,36.2014	1,12,7
SouthKorea,128.417,36.1	1,9,7
SouthKorea,128.749,35.4933	1,10,7
SouthKorea,129.04,35.1028	3,6,7
SouthSudan,26.7817,8.82338	1,25,7
SouthSudan,29.068,7.40926	2,6,7
SouthSudan,29.6912,6.802	1,37,7
SouthSudan,30.0,8.0	2,275,7
SouthSudan,30.6884,6.79223	1,7,7
SouthSudan,33.45,8.51667	2,293,7
SouthSudan,33.5458,10.0177	1,24,7
Spain,-17.8453,28.4924	1,8,7
Spain,-2.54611,43.3611	2,8,7
Spain,-2.94307,35.2839	1,145,7
Spain,-3.05333,38.8993	3,3,7
SriLanka,79.8116,8.2218	2,5,7
SriLanka,79.8358,7.2083	1,10,7
SriLanka,79.8478,6.93194	1,280,7
SriLanka,79.9,8.98333	0,2,7
SriLanka,80.0333,9.66667	2,2,7
SriLanka,80.5333,6.01667	1,30,7
SriLanka,80.815,9.268	2,10,7
SriLanka,80.9404,6.0839	2,8,7
SriLanka,81.6924,7.7102	0,10,7
Sudan,25.35,13.6333	1,8,7
Sudan,28.4349,9.59525	3,2,7
Sudan,32.5342,15.5881	1,1044,7
Sudan,36.4001,15.457	0,2,7
Swaziland,31.5,-26.5	4,13,7
Sweden,12.8333,55.8667	1,30,7
Sweden,15.0,62.0	1,1251,7
Sweden,15.5,60.5	2,2,7
Sweden,15.6167,58.4167	2,4,7
Switzerland,7.15475,46.7957	2,7,7
Switzerland,7.28706,46.473	2,4,7
Switzerland,8.0,47.0	2,960,7
Syria,35.8866,34.889	2,7,7
Syria,35.9694,35.9504	2,1,7
Syria,35.9911,35.9268	1,135,7
Syria,36.1281,33.018	2,6,7
Syria,36.2243,32.6288	1,2,7
Syria,36.2599,34.6684	2,5,7
Syria,36.301,34.7604	1,10,7
Syria,36.3833,33.5	0,2,7
Syria,36.4333,33.8	1,42,7
Syria,36.6889,36.3078	1,10,7
Syria,36.7309,34.8406	1,22,7
Syria,36.7415,34.1527	1,16,7
Syria,36.7959,35.6635	3,10,7
Syria,36.9253,34.3133	5,5,7
Syria,37.2603,36.1044	2,10,7
Syria,38.4458,36.35	0,6,7
Syria,40.4535,35.0209	2,8,7
Syria,40.9848,36.6884	1,2,7
Syria,41.5681,36.8081	4,10,7
Taiwan,121.174,25.0177	5,8,7
Taiwan,121.532,25.0478	1,63,7
Taiwan,121.634,24.5425	4,2,7
Tajikistan,68.7739,38.56	2,19,7
Tanzania,37.3333,-3.35	2,14,7
Thailand,100.259,16.8248	1,32,7
Thailand,100.517,13.75	1,218,7
Thailand,100.595,7.19882	0,55,7
Thailand,100.741,13.6881	0,10,7
Thailand,101.823,6.42639	1,42,7
Thailand,98.6348,9.96583	1,27,7
Thailand,98.9847,18.7904	0,10,7
Thailand,99.5215,16.4834	1,8,7
Thailand,99.6517,9.18164	0,19,7
Thailand,99.8171,13.5367	2,11,7
Tonga,-173.967,-18.6167	0,32,7
TrinidadandTobago,-61.2167,10.6167	1,8,7
Tunisia,9.0,34.0	1,163,7
Turkey,26.0676,40.7836	1,10,7
Turkey,26.3961,41.7356	2,16,7
Turkey,26.4144,38.6633	0,5,7
Turkey,27.4265,38.612	2,76,7
Turkey,27.5517,39.6269	1,10,7
Turkey,28.9261,41.0069	1,2,7
Turkey,28.9647,41.0186	1,466,7
Turkey,29.0875,37.7742	1,10,7
Turkey,29.2769,40.655	0,8,7
Turkey,29.3333,40.5333	1,68,7
Turkey,30.6745,36.922	1,6,7
Turkey,30.7135,36.901	2,10,7
Turkey,32.1925,36.4261	1,10,7
Turkey,32.873,39.9455	2,18,7
Turkey,33.2047,38.2262	1,548,7
Turkey,33.7512,41.7978	1,8,7
Turkey,34.0951,41.928	4,2,7
Turkey,34.7122,38.625	1,10,7
Turkey,35.0,39.0	1,3385,7
Turkey,35.4204,36.999	3,20,7
Turkey,36.0094,39.9727	0,12,7
Turkey,38.2675,38.2347	0,4,7
Turkey,38.3494,36.9047	2,258,7
Turkey,38.8604,37.8376	1,14,7
Turkey,38.9201,38.4595	3,8,7
Turkey,39.1361,38.0337	1,80,7
Turkey,39.5471,39.1083	1,20,7
Turkey,39.7631,37.2353	2,24,7
Turkey,42.1342,37.8392	5,4,7
Turkey,42.7481,37.4819	1,4,7
Turkey,42.8756,37.4336	1,10,7
Turkey,43.4957,38.4987	2,22,7
Turkmenistan,60.0,40.0	2,118,7
Uganda,29.6983,-1.35389	4,3,7
Uganda,30.0064,-1.14167	4,7,7
Uganda,30.9111,3.02013	1,44,7
Uganda,31.7,-0.85	0,30,7
Uganda,32.0,1.0	2,301,7
Uganda,32.2967,2.74065	0,10,7
Uganda,32.4473,2.4431	1,1,7
Uganda,32.55,0.3	4,6,7
Uganda,32.5656,0.315556	1,395,7
Uganda,33.6164,1.68556	0,10,7
Ukraine,23.4741,48.6031	2,2,7
Ukraine,23.883,49.2261	1,10,7
Ukraine,28.6767,50.2649	0,2,7
Ukraine,30.0298,46.9455	1,159,7
Ukraine,32.0,49.0	1,1414,7
Ukraine,32.6178,46.6558	1,16,7
Ukraine,33.5574,51.7992	0,18,7
Ukraine,34.3,44.5667	1,3,7
Ukraine,38.1553,47.9041	1,22,7
UnitedArabEmirates,54.0,24.0	1,70,7
UnitedArabEmirates,55.0495,25.0128	2,10,7
UnitedArabEmirates,55.4033,25.3573	3,10,7
UnitedArabEmirates,55.7458,24.2491	1,2,7
UnitedKingdom,-0.016667,51.45	3,3,7
UnitedKingdom,-0.083333,50.9167	1,8,7
UnitedKingdom,-0.116667,51.5	1,3768,7
UnitedKingdom,-0.183333,51.55	2,8,7
UnitedKingdom,-0.192867,51.5265	0,52,7
UnitedKingdom,-0.4,52.9833	3,6,7
UnitedKingdom,-0.516667,51.4667	2,10,7
UnitedKingdom,-0.65,51.25	3,8,7
UnitedKingdom,-0.75,51.75	0,30,7
UnitedKingdom,-1.11667,53.5333	2,8,7
UnitedKingdom,-1.13333,52.6333	2,5,7
UnitedKingdom,-1.16667,52.25	3,5,7
UnitedKingdom,-1.2125,54.6861	2,2,7
UnitedKingdom,-1.25,53.45	2,20,7
UnitedKingdom,-1.26667,53.5167	3,10,7
UnitedKingdom,-1.3,52.4	3,5,7
UnitedKingdom,-1.31405,51.7823	3,10,7
UnitedKingdom,-1.56667,51.7667	2,2,7
UnitedKingdom,-1.7,52.1833	3,10,7
UnitedKingdom,-2.0,54.0	1,4099,7
UnitedKingdom,-2.16667,51.8333	3,5,7
UnitedKingdom,-2.26667,53.4833	2,2,7
UnitedKingdom,-2.98333,51.5833	2,16,7
UnitedKingdom,-3.02667,51.6531	2,8,7
UnitedKingdom,-3.18333,53.1833	3,70,7
UnitedKingdom,-3.24333,51.6403	4,10,7
UnitedKingdom,-3.53333,50.7	3,10,7
UnitedKingdom,-3.56942,55.8891	1,7,7
UnitedKingdom,-3.83333,55.5833	3,10,7
UnitedKingdom,-4.06667,52.4167	0,4,7
UnitedKingdom,-4.13333,57.8667	3,6,7
UnitedKingdom,-4.71667,55.6833	1,1,7
UnitedKingdom,-4.91667,51.8333	2,4,7
UnitedKingdom,-4.95,55.75	4,1,7
UnitedKingdom,0.083333,52.3333	1,55,7
UnitedKingdom,0.116667,52.2	2,116,7
UnitedKingdom,0.333333,50.9167	1,30,7
UnitedKingdom,0.5,51.3833	2,44,7
UnitedKingdom,0.55,52.65	2,6,7
UnitedKingdom,0.583333,51.8333	2,2,7
UnitedKingdom,1.03333,51.0667	1,4,7
UnitedKingdom,1.16667,51.7833	3,22,7
UnitedStates,-100.535,45.6572	0,5,7
UnitedStates,-100.962,48.0645	1,3,7
UnitedStates,-103.544,37.985	4,6,7
UnitedStates,-104.534,40.6333	2,2,7
UnitedStates,-104.735,32.8157	7,2,7
UnitedStates,-104.856,39.3722	1,4,7
UnitedStates,-104.987,39.8855	0,1,7
UnitedStates,-105.084,40.5853	4,8,7
UnitedStates,-105.121,39.8358	2,20,7
UnitedStates,-105.96,32.8995	1,6,7
UnitedStates,-106.237,34.8375	0,255,7
UnitedStates,-106.778,32.3123	2,50,7
UnitedStates,-106.934,39.2	2,1,7
UnitedStates,-110.874,32.5347	2,6,7
UnitedStates,-110.926,32.2217	2,55,7
UnitedStates,-110.974,32.2054	1,102,7
UnitedStates,-111.388,33.7712	1,1948,7
UnitedStates,-111.854,34.5636	1,4,7
UnitedStates,-111.867,40.7844	3,10,7
UnitedStates,-111.891,40.7608	2,52,7
UnitedStates,-111.939,40.6097	4,8,7
UnitedStates,-112.048,33.0581	0,22,7
UnitedStates,-112.691,39.1559	2,30,7
UnitedStates,-113.294,46.3321	2,6,7
UnitedStates,-114.461,42.563	2,15,7
UnitedStates,-115.563,32.792	0,88,7
UnitedStates,-115.984,36.2083	1,10,7
UnitedStates,-116.051,33.7334	1,42,7
UnitedStates,-116.733,43.0168	3,30,7
UnitedStates,-116.972,33.7475	4,2,7
UnitedStates,-117.048,46.3393	4,2,7
UnitedStates,-117.157,32.7153	1,440,7
UnitedStates,-117.199,32.6973	0,3,7
UnitedStates,-117.215,47.2243	3,2,7
UnitedStates,-117.29,34.1083	0,2,7
UnitedStates,-117.398,33.9945	3,3,7
UnitedStates,-117.888,34.1304	2,3,7
UnitedStates,-118.028,34.0686	2,8,7
UnitedStates,-118.189,33.767	2,3,7
UnitedStates,-118.201,34.3667	2,336,7
UnitedStates,-118.244,34.0522	2,402,7
UnitedStates,-118.287,34.0218	3,4,7
UnitedStates,-118.313,33.9925	2,2,7
UnitedStates,-118.473,35.618	0,6,7
UnitedStates,-118.526,34.0481	2,2,7
UnitedStates,-118.882,34.2856	1,9,7
UnitedStates,-119.018,34.4667	1,14,7
UnitedStates,-119.208,34.1619	1,10,7
UnitedStates,-119.649,37.328	0,12,7
UnitedStates,-119.903,48.051	0,30,7
UnitedStates,-120.016,47.841	1,2,7
UnitedStates,-120.189,36.6066	7,8,7
UnitedStates,-120.293,47.4157	7,6,7
UnitedStates,-120.66,35.2828	4,4,7
UnitedStates,-120.67,38.8657	1,6,7
UnitedStates,-120.997,37.6391	3,8,7
UnitedStates,-121.09,36.5705	0,5,7
UnitedStates,-121.288,38.7521	2,2,7
UnitedStates,-121.318,38.4666	0,293,7
UnitedStates,-121.372,38.4088	6,6,7
UnitedStates,-121.643,39.6495	2,4,7
UnitedStates,-121.76,46.8529	2,50,7
UnitedStates,-121.99,38.3569	1,5,7
UnitedStates,-122.061,37.948	7,8,7
UnitedStates,-122.065,37.9063	3,12,7
UnitedStates,-122.118,47.0332	1,4,7
UnitedStates,-122.137,37.3797	3,2,7
UnitedStates,-122.17,37.4289	2,10,7
UnitedStates,-122.273,37.8716	1,48,7
UnitedStates,-122.289,38.2594	3,6,7
UnitedStates,-122.31,48.4374	0,40,7
UnitedStates,-122.311,41.3099	1,2,7
UnitedStates,-122.311,47.6561	2,515,7
UnitedStates,-122.332,47.6062	3,32,7
UnitedStates,-122.41,40.5882	0,10,7
UnitedStates,-122.419,37.7749	1,601,7
UnitedStates,-122.432,37.8627	2,10,7
UnitedStates,-122.437,47.6618	3,6,7
UnitedStates,-122.536,45.2879	0,14,7
UnitedStates,-122.627,47.5688	1,13,7
UnitedStates,-122.676,45.5235	2,301,7
UnitedStates,-122.688,48.2193	2,8,7
UnitedStates,-122.747,45.3072	3,1,7
UnitedStates,-122.771,45.4312	1,15,7
UnitedStates,-122.784,39.0999	0,8,7
UnitedStates,-122.826,41.8612	0,2,7
UnitedStates,-123.087,48.1281	3,12,7
UnitedStates,-124.074,43.2168	2,19,7
UnitedStates,-124.184,40.7726	1,4,7
UnitedStates,-134.636,58.3847	2,8,7
UnitedStates,-149.9,61.2181	2,23,7
UnitedStates,-151.258,60.5544	2,2,7
UnitedStates,-157.858,21.3069	1,68,7
UnitedStates,-160.497,55.3397	1,1,7
UnitedStates,-66.335,18.2766	2,54,7
UnitedStates,-67.5983,44.5329	4,10,7
UnitedStates,-69.1089,44.1037	2,8,7
UnitedStates,-69.2653,44.2121	1,4,7
UnitedStates,-69.3756,44.0954	1,22,7
UnitedStates,-69.7192,44.7651	4,50,7
UnitedStates,-70.6623,43.1456	1,10,7
UnitedStates,-70.8661,42.0654	4,2,7
UnitedStates,-70.8737,43.1979	2,14,7
UnitedStates,-70.8773,42.8126	2,2,7
UnitedStates,-70.9342,41.6362	3,4,7
UnitedStates,-71.0184,42.0834	3,19,7
UnitedStates,-71.087,41.9201	3,4,7
UnitedStates,-71.1212,42.3318	1,2,7
UnitedStates,-71.1662,41.8334	0,4,7
UnitedStates,-71.1712,42.3357	3,4,7
UnitedStates,-71.2762,42.4907	1,48,7
UnitedStates,-71.3328,41.9834	3,5,7
UnitedStates,-71.4162,42.2793	1,21,7
UnitedStates,-71.4245,42.6768	2,1,7
UnitedStates,-71.4559,41.6604	3,2,7
UnitedStates,-71.5231,41.7062	1,20,7
UnitedStates,-71.7598,42.5251	1,9,7
UnitedStates,-71.8023,42.2626	2,38,7
UnitedStates,-72.0359,43.3215	2,4,7
UnitedStates,-72.3193,43.649	2,16,7
UnitedStates,-72.5301,42.3237	4,2,7
UnitedStates,-72.5579,42.8509	2,18,7
UnitedStates,-72.7622,41.5834	2,477,7
UnitedStates,-72.8684,41.2762	2,9,7
UnitedStates,-73.1162,44.0501	1,2,7
UnitedStates,-73.2132,41.4815	0,4,7
UnitedStates,-73.3579,41.1415	1,26,7
UnitedStates,-73.5751,43.1095	2,2,7
UnitedStates,-73.6285,41.0265	5,8,7
UnitedStates,-73.656,41.9798	1,3,7
UnitedStates,-73.7846,41.0051	4,8,7
UnitedStates,-73.8333,40.8506	1,6,7
UnitedStates,-73.846,40.7567	1,10,7
UnitedStates,-73.8553,40.8472	3,8,7
UnitedStates,-73.8826,40.9279	4,5,7
UnitedStates,-73.9535,40.7143	0,6,7
UnitedStates,-73.9799,40.7651	5,1,7
UnitedStates,-73.98,40.7522	3,10,7
UnitedStates,-74.0121,40.2204	2,2,7
UnitedStates,-74.0324,40.744	2,6,7
UnitedStates,-74.0435,40.8859	3,14,7
UnitedStates,-74.0868,41.7476	3,20,7
UnitedStates,-74.1724,40.7357	4,2,7
UnitedStates,-74.3163,41.4168	5,10,7
UnitedStates,-74.3401,42.7965	3,2,7
UnitedStates,-74.4229,41.4459	2,1,7
UnitedStates,-74.426,40.8579	2,2,7
UnitedStates,-74.4443,40.4995	2,14,7
UnitedStates,-74.6179,40.0362	1,8,7
UnitedStates,-74.659,40.3487	2,18,7
UnitedStates,-74.6927,41.3751	2,2,7
UnitedStates,-74.7429,40.2171	2,6,7
UnitedStates,-74.7436,41.7966	2,1,7
UnitedStates,-75.076,38.7209	2,4,7
UnitedStates,-75.1391,39.9865	2,13,7
UnitedStates,-75.1946,40.9868	1,10,7
UnitedStates,-75.2166,40.1221	1,4,7
UnitedStates,-75.3202,39.9307	0,2,7
UnitedStates,-75.3316,42.6242	1,24,7
UnitedStates,-75.3749,40.5004	0,7,7
UnitedStates,-75.4163,38.7001	2,4,7
UnitedStates,-75.4566,38.8898	0,4,7
UnitedStates,-75.5148,39.3498	1,130,7
UnitedStates,-75.6055,39.9607	0,19,7
UnitedStates,-75.8749,40.6254	3,6,7
UnitedStates,-75.9108,43.9748	0,5,7
UnitedStates,-76.061,43.152	0,9,7
UnitedStates,-76.0863,38.4273	2,8,7
UnitedStates,-76.1866,42.3042	2,1,7
UnitedStates,-76.286,36.9171	3,5,7
UnitedStates,-76.3163,40.2784	3,10,7
UnitedStates,-76.5105,43.4553	4,8,7
UnitedStates,-76.6122,39.2904	1,82,7
UnitedStates,-76.6497,36.1502	1,2,7
UnitedStates,-76.75,39.0004	3,15,7
UnitedStates,-76.8414,40.2354	2,6,7
UnitedStates,-76.8508,39.0615	3,10,7
UnitedStates,-76.8663,35.4335	1,8,7
UnitedStates,-77.0089,38.8898	2,46,7
UnitedStates,-77.0294,38.9257	1,14,7
UnitedStates,-77.033,43.1501	2,1,7
UnitedStates,-77.0422,38.899	1,10,7
UnitedStates,-77.0497,38.8962	2,10,7
UnitedStates,-77.0506,38.9238	3,6,7
UnitedStates,-77.0519,40.1084	0,2,7
UnitedStates,-77.1997,39.1501	2,18,7
UnitedStates,-77.3497,38.8501	1,17,7
UnitedStates,-77.375,39.7504	2,9,7
UnitedStates,-77.4097,34.7574	1,2,7
UnitedStates,-77.48,37.759	2,4,7
UnitedStates,-77.6156,43.1548	2,36,7
UnitedStates,-77.6703,43.0859	6,7,7
UnitedStates,-77.7714,40.4242	2,7,7
UnitedStates,-77.8469,36.7576	1,118,7
UnitedStates,-77.8658,41.9892	3,4,7
UnitedStates,-77.995,39.5534	6,10,7
UnitedStates,-78.1411,38.9896	3,2,7
UnitedStates,-78.6134,42.7678	3,2,7
UnitedStates,-78.6742,42.8956	3,2,7
UnitedStates,-78.8813,42.8873	1,40,7
UnitedStates,-78.9381,35.9676	2,19,7
UnitedStates,-79.0753,35.9101	3,10,7
UnitedStates,-79.1423,37.4138	3,10,7
UnitedStates,-80.0534,26.7153	4,4,7
UnitedStates,-80.0831,26.3587	0,10,7
UnitedStates,-80.1012,42.1631	1,26,7
UnitedStates,-80.1434,26.1223	11,4,7
UnitedStates,-80.1937,25.7743	1,1371,7
UnitedStates,-80.3831,37.1668	4,5,7
UnitedStates,-80.3836,25.7522	0,39,7
UnitedStates,-80.3998,33.8668	1,6,7
UnitedStates,-80.6998,32.3669	0,8,7
UnitedStates,-80.7254,32.7907	0,16,7
UnitedStates,-80.8426,35.2454	3,20,7
UnitedStates,-80.8431,35.2271	3,115,7
UnitedStates,-80.9066,33.8191	2,332,7
UnitedStates,-81.1065,28.5547	3,3,7
UnitedStates,-81.3178,28.7589	3,10,7
UnitedStates,-81.3792,28.5383	3,40,7
UnitedStates,-81.4387,40.8667	0,35,7
UnitedStates,-81.4457,40.4898	1,4,7
UnitedStates,-81.4578,28.6381	2,1,7
UnitedStates,-81.4831,26.1337	5,10,7
UnitedStates,-81.519,41.0814	2,1,7
UnitedStates,-81.6173,41.5334	1,1,7
UnitedStates,-81.6556,30.3322	2,14,7
UnitedStates,-81.7081,27.9586	4,6,7
UnitedStates,-81.7832,32.4488	3,10,7
UnitedStates,-81.8831,26.567	2,1,7
UnitedStates,-81.9832,34.9307	1,16,7
UnitedStates,-82.0098,30.8305	4,2,7
UnitedStates,-82.0415,29.2497	1,6,7
UnitedStates,-82.3498,27.917	2,2,7
UnitedStates,-82.3879,28.5553	0,6,7
UnitedStates,-82.4582,28.5419	0,18,7
UnitedStates,-82.5231,27.9513	0,5,7
UnitedStates,-82.5825,27.765	1,24,7
UnitedStates,-82.6379,38.4784	0,9,7
UnitedStates,-82.6499,34.5334	1,10,7
UnitedStates,-82.7088,35.9429	2,1,7
UnitedStates,-82.9988,39.9612	1,79,7
UnitedStates,-83.0302,42.5803	1,6,7
UnitedStates,-83.261,41.5428	2,4,7
UnitedStates,-83.2833,42.2506	3,20,7
UnitedStates,-83.2891,42.9414	0,52,7
UnitedStates,-83.9691,39.672	4,5,7
UnitedStates,-84.2866,39.6428	0,1,7
UnitedStates,-84.3496,33.6973	2,2,7
UnitedStates,-84.388,33.749	2,251,7
UnitedStates,-84.4569,39.162	3,63,7
UnitedStates,-84.5152,39.1115	0,10,7
UnitedStates,-84.5666,37.8667	7,6,7
UnitedStates,-84.5719,39.2428	0,6,7
UnitedStates,-84.6027,30.5632	3,2,7
UnitedStates,-84.7374,39.5067	2,3,7
UnitedStates,-85.0005,42.2506	3,12,7
UnitedStates,-85.1797,42.3212	1,6,7
UnitedStates,-85.3864,40.1934	3,6,7
UnitedStates,-85.6681,42.9634	2,9,7
UnitedStates,-85.7372,38.2776	1,8,7
UnitedStates,-85.7594,38.2542	2,7,7
UnitedStates,-85.8,43.4197	1,9,7
UnitedStates,-85.85,33.7504	3,17,7
UnitedStates,-85.865,42.8709	0,6,7
UnitedStates,-85.9941,34.2876	0,6,7
UnitedStates,-86.05,34.0668	2,2,7
UnitedStates,-86.0591,34.0145	2,24,7
UnitedStates,-86.158,39.7684	1,100,7
UnitedStates,-86.2481,43.2614	1,3,7
UnitedStates,-86.2911,35.9303	3,2,7
UnitedStates,-86.4,36.9834	1,10,7
UnitedStates,-86.4436,36.9903	2,20,7
UnitedStates,-86.5652,31.7735	1,8,7
UnitedStates,-86.6931,36.2092	0,1,7
UnitedStates,-86.8073,32.799	1,482,7
UnitedStates,-86.8667,33.5834	0,2,7
UnitedStates,-86.895,41.7075	2,14,7
UnitedStates,-86.9228,33.4565	2,6,7
UnitedStates,-86.9514,34.7845	1,6,7
UnitedStates,-87.2506,39.8525	4,1,7
UnitedStates,-87.5998,41.7898	2,5,7
UnitedStates,-87.6727,41.9526	0,16,7
UnitedStates,-87.7667,30.7505	3,20,7
UnitedStates,-87.8253,30.4135	3,6,7
UnitedStates,-87.9033,30.523	0,4,7
UnitedStates,-87.9065,43.0389	1,27,7
UnitedStates,-87.9298,43.0375	2,8,7
UnitedStates,-87.9531,42.2831	4,8,7
UnitedStates,-87.977,43.7503	1,8,7
UnitedStates,-88.2284,40.1086	3,11,7
UnitedStates,-89.0187,42.6828	2,12,7
UnitedStates,-89.0282,42.2689	2,30,7
UnitedStates,-89.0309,42.5031	1,1,7
UnitedStates,-89.2168,37.7273	1,4,7
UnitedStates,-89.267,33.5407	4,4,7
UnitedStates,-89.4648,41.3681	2,6,7
UnitedStates,-89.6001,42.8333	1,2,7
UnitedStates,-89.6812,32.7673	2,197,7
UnitedStates,-89.752,30.2663	4,24,7
UnitedStates,-90.1718,44.6689	5,5,7
UnitedStates,-90.3226,38.7892	1,6,7
UnitedStates,-90.3354,41.6064	3,10,7
UnitedStates,-90.4471,38.6006	1,2,7
UnitedStates,-90.9668,39.0667	3,10,7
UnitedStates,-91.2168,34.6668	0,16,7
UnitedStates,-91.2466,41.7264	2,2,7
UnitedStates,-91.8749,31.1801	2,220,7
UnitedStates,-92.0198,30.2241	0,2,7
UnitedStates,-92.3335,35.1668	0,18,7
UnitedStates,-92.3809,34.9513	1,390,7
UnitedStates,-92.7269,41.6961	1,16,7
UnitedStates,-93.0577,35.1376	5,4,7
UnitedStates,-93.1692,44.9374	2,4,7
UnitedStates,-93.2638,44.98	4,9,7
UnitedStates,-93.2982,37.2153	1,12,7
UnitedStates,-93.3683,43.648	2,14,7
UnitedStates,-94.3985,35.3859	2,2,7
UnitedStates,-94.7242,44.2972	1,2,7
UnitedStates,-94.7355,37.0237	0,6,7
UnitedStates,-94.7405,32.5007	1,4,7
UnitedStates,-95.1655,29.6308	1,8,7
UnitedStates,-95.2336,32.3668	1,2,7
UnitedStates,-95.2838,32.3338	1,6,7
UnitedStates,-95.3208,29.6922	3,1,7
UnitedStates,-95.4002,29.8336	5,5,7
UnitedStates,-95.4056,29.9249	1,2,7
UnitedStates,-95.5456,44.81	3,8,7
UnitedStates,-95.6349,29.6197	0,20,7
UnitedStates,-96.1759,43.4272	3,4,7
UnitedStates,-96.295,43.2053	1,10,7
UnitedStates,-96.7136,28.4153	3,8,7
UnitedStates,-96.8005,38.5111	2,428,7
UnitedStates,-96.8067,32.7831	1,308,7
UnitedStates,-96.8961,32.9265	2,8,7
UnitedStates,-96.9253,35.3273	3,30,7
UnitedStates,-97.0,38.0	2,8469,7
UnitedStates,-97.0536,28.0245	1,7,7
UnitedStates,-97.2692,32.7996	0,10,7
UnitedStates,-97.3375,37.6922	1,11,7
UnitedStates,-97.3964,27.8006	1,3,7
UnitedStates,-97.5667,27.835	2,6,7
UnitedStates,-98.2728,30.5782	2,2,7
UnitedStates,-98.2883,41.1289	2,414,7
UnitedStates,-98.4814,26.247	0,22,7
UnitedStates,-98.4936,29.4241	1,702,7
UnitedStates,-98.5164,29.5233	0,87,7
UnitedStates,-98.5193,34.6814	1,35,7
UnitedStates,-98.5848,34.9717	1,5,7
UnitedStates,-98.6064,29.3878	1,410,7
UnitedStates,-98.7648,38.3645	3,2,7
UnitedStates,-98.876,48.1122	4,4,7
UnitedStates,-99.793,47.5362	1,86,7
Uzbekistan,71.5,40.7667	2,8,7
Venezuela,-66.9167,10.5	2,48,7
Vietnam,105.15,20.6	5,10,7
Vietnam,105.917,10.25	2,2,7
Vietnam,106.2,21.2667	5,8,7
Vietnam,106.467,20.8833	4,6,7
Vietnam,107.0,16.0	3,1,7
Vietnam,108.221,16.0678	8,20,7
WestBank,35.1773,31.8984	1,711,7
WestBank,35.1955,31.9026	1,37,7
WestBank,35.2038,31.7049	1,15,7
WestBank,35.204,31.8976	3,1,7
WestBank,35.2381,31.7684	0,5,7
WesternSahara,-13.0,24.5	5,10,7
WesternSahara,-15.9532,23.6609	3,2,7
Yemen,45.3486,15.4207	4,8,7
Yemen,45.3667,13.7833	1,8,7
Yemen,48.451,14.0103	2,8,7
Zimbabwe,30.0,-20.0	1,77,7
Zimbabwe,30.7248,-21.4193	2,8,7
Zimbabwe,30.9231,-17.9022	1,37,7
Zimbabwe,31.6457,-19.4709	0,70,7
