Albania,20.0,41.0	6,10,-10
Armenia,44.5136,40.1811	2,38,-4
Armenia,44.9131,40.0193	3,5,-2
Australia,132.673,-12.2712	1,40,-5
Australia,133.0,-27.0	4,32,-6
Australia,144.891,-38.1074	6,66,-4
Australia,146.833,-18.0	4,65,-5
Australia,147.13,-42.88	6,27,-10
Australia,150.0,-30.55	6,4,-6
Australia,150.041,-30.7095	6,6,-6
Australia,150.85,-23.5833	5,36,-3
Australia,153.017,-27.5	5,48,-8
Austria,12.85,47.4167	4,24,-10
Austria,13.3333,47.3333	2,2,-10
Austria,16.3667,48.2	3,8,-10
Brazil,-36.6833,-8.86667	5,12,-5
Brazil,-40.3167,-13.6667	5,2,-6
Brazil,-40.75,-20.3833	6,10,-5
Bulgaria,23.3167,42.6833	4,21,-6
Canada,-103.333,55.25	7,48,-2
Canada,-123.183,54.4	2,4,-2
Canada,-67.5667,46.4667	2,10,-10
Canada,-75.7,45.4167	5,599,-5
Canada,-79.25,42.9833	9,10,-2
Canada,-79.4167,43.6667	5,56,-3
Canada,-80.25,43.55	6,9,-2
Canada,-95.9167,68.6333	4,15,-2
Chile,-70.6667,-33.45	3,9,-10
Chile,-71.0,-30.0	7,28,-4
China,121.141,31.7867	1,4,-2
Denmark,12.5833,55.6667	4,10,-4
France,-1.8656,49.5327	5,20,-2
France,2.0,46.0	4,78,-2
Germany,7.56667,49.2333	6,15,-2
Germany,7.63333,50.6167	3,8,-2
Gibraltar,-5.3667,36.1833	4,18,-2
Greece,22.0,39.0	5,45,-5
Guatemala,-90.25,15.5	5,87,-10
HongKong,114.167,22.25	3,22,-9
India,70.7833,22.3	3,18,-5
India,74.8353,12.8639	2,10,-2
India,75.1,18.65	8,5,-5
India,76.55,9.35	3,9,-6
India,76.9569,8.50694	2,10,-4
India,92.75,12.5	5,4,-4
India,94.1667,26.95	5,9,-4
India,96.3,27.9	3,7,-2
Indonesia,100.434,-1.24718	5,3,-4
Indonesia,102.0,0.0	6,2,-4
Indonesia,116.833,-1.28333	3,5,-2
Indonesia,120.0,-5.0	6,9,-2
Indonesia,95.3222,5.5577	3,45,-4
Iran,53.0,32.0	3,4,-2
Ireland,-6.24889,53.3331	2,3,-2
Ireland,-6.60806,53.0933	1,40,-10
Ireland,-9.71667,51.65	7,9,-10
Israel,34.8599,32.3329	13,10,-2
Italy,14.85,40.9833	4,4,-10
Japan,135.75,35.0	7,10,-10
Japan,138.0,36.0	3,229,-4
Japan,139.751,35.685	4,60,-7
Libya,17.0,25.0	8,10,-2
Malta,14.5833,35.8333	1,18,-10
Mexico,-91.8667,17.6333	6,2,-10
Mexico,-99.0,17.5833	1,10,-10
Morocco,-6.83,34.02	3,9,-10
Myanmar,97.5,26.0	4,1,-4
Pakistan,74.3125,35.9187	2,2,-5
Philippines,121.0,14.5833	3,1,-9
Philippines,121.002,6.05222	2,5,-2
Philippines,126.147,8.67417	3,9,-5
Poland,19.3617,52.229	4,10,-2
Russia,30.2642,59.8944	1,10,-2
Russia,37.6156,55.7522	1,363,-5
Russia,61.4297,55.1544	0,2,-6
Rwanda,29.6333,-1.38333	3,1,-10
Rwanda,30.0,-2.0	7,2,-2
Rwanda,30.0606,-1.95361	3,41,-9
Singapore,103.8,1.3667	5,11,-4
SouthAfrica,24.0,-29.0	5,33,-5
SouthAfrica,27.4702,-25.3107	1,12,-2
SouthAfrica,28.0833,-26.2	4,75,-6
SouthKorea,127.0,37.5664	4,3,-9
SriLanka,79.9,8.98333	4,9,-10
Switzerland,8.0,47.0	5,33,-4
Taiwan,120.488,23.1363	1,10,-2
Taiwan,121.532,25.0478	6,13,-5
Tanzania,37.5,-9.0	3,8,-2
Thailand,100.517,13.75	6,18,-10
Turkey,35.0,39.0	7,10,-4
Turkmenistan,60.0,40.0	2,27,-2
Ukraine,32.0,49.0	3,20,-8
UnitedKingdom,-0.116667,51.5	4,41,-6
UnitedKingdom,-2.0,54.0	3,144,-4
UnitedKingdom,-2.1,57.1333	5,2,-4
UnitedKingdom,0.116667,52.2	6,10,-2
UnitedKingdom,0.583333,51.8333	4,5,-10
UnitedStates,-101.339,36.1259	5,4,-4
UnitedStates,-101.501,42.0003	4,81,-2
UnitedStates,-101.72,41.128	5,14,-7
UnitedStates,-103.709,44.4167	3,17,-2
UnitedStates,-104.451,33.3834	5,4,-2
UnitedStates,-106.237,34.8375	2,62,-4
UnitedStates,-106.624,45.8842	4,4,-4
UnitedStates,-106.763,35.8536	7,6,-2
UnitedStates,-107.211,39.4022	4,9,-4
UnitedStates,-107.88,37.2753	5,4,-4
UnitedStates,-110.926,32.2217	3,2,-10
UnitedStates,-111.388,33.7712	4,35,-9
UnitedStates,-111.813,41.741	8,9,-4
UnitedStates,-111.902,40.4911	8,20,-2
UnitedStates,-115.127,43.8016	3,10,-10
UnitedStates,-115.918,45.4499	1,8,-10
UnitedStates,-117.157,32.7153	6,30,-6
UnitedStates,-117.426,47.6588	3,8,-2
UnitedStates,-118.244,34.0522	2,38,-6
UnitedStates,-118.647,45.6715	7,2,-4
UnitedStates,-121.868,37.9833	6,6,-2
UnitedStates,-122.419,37.7749	2,28,-7
UnitedStates,-122.48,37.8152	10,2,-5
UnitedStates,-122.604,45.3369	7,15,-10
UnitedStates,-122.676,45.5235	7,8,-10
UnitedStates,-122.713,45.5087	7,33,-4
UnitedStates,-157.858,21.3069	3,18,-2
UnitedStates,-69.7795,44.3106	4,4,-2
UnitedStates,-70.0328,41.7001	5,5,-2
UnitedStates,-73.0451,43.5931	5,1,-2
UnitedStates,-73.7123,43.4262	2,45,-10
UnitedStates,-74.6568,40.3428	8,4,-2
UnitedStates,-76.508,39.1668	5,10,-4
UnitedStates,-77.9,34.3557	6,8,-10
UnitedStates,-80.1434,26.1223	2,12,-4
UnitedStates,-80.9066,33.8191	3,18,-2
UnitedStates,-81.8831,26.567	5,9,-10
UnitedStates,-82.0415,29.2497	4,1,-4
UnitedStates,-84.388,33.749	5,28,-4
UnitedStates,-84.4569,39.162	4,20,-3
UnitedStates,-86.8073,32.799	5,19,-7
UnitedStates,-91.8749,31.1801	2,8,-4
UnitedStates,-95.1483,43.3864	5,2,-5
UnitedStates,-95.3009,46.1127	6,5,-10
UnitedStates,-96.8005,38.5111	3,9,-6
UnitedStates,-97.0,38.0	5,445,-3
UnitedStates,-98.2883,41.1289	5,33,-2
UnitedStates,-99.793,47.5362	7,12,-7
Vietnam,105.917,10.25	1,60,-4
Vietnam,108.033,11.6	3,9,-2
null,0.0,85.0	5,13,-5
