Albania,19.8189,41.3275	-3,20,-6
Albania,20.0,41.0	-1,4,-4
AntiguaandBarbuda,-61.8,17.05	-6,4,-4
Argentina,-58.6725,-34.5875	-3,5,-4
Australia,130.823,-12.4103	-3,6,-2
Australia,133.0,-27.0	0,454,-6
Australia,133.884,-23.6975	0,3,-2
Australia,134.0,-20.0	2,3,-2
Australia,146.833,-18.0	-1,434,-2
Australia,150.133,-26.9333	-1,70,-2
Australia,150.5,-27.5	1,10,-4
Australia,151.783,-32.9333	-3,4,-6
Australia,152.658,-26.1892	0,10,-4
Australia,152.9,-27.6167	-2,2,-4
Bahamas,-76.0,24.25	3,10,-5
Bangladesh,90.0,24.0	-4,8,-10
Belize,-75.0,15.0	-1,14,-4
Belize,-88.75,17.25	-1,10,-10
Brazil,-40.3167,-13.6667	-2,10,-10
Brazil,-40.8833,-12.4667	-5,5,-9
Canada,-114.017,51.2667	-2,5,-2
Canada,-65.4333,47.0333	-2,4,-5
Canada,-68.3333,70.3333	0,2,-4
Canada,-75.7,45.4167	0,40,-5
Canada,-79.4167,43.6667	-4,3,-10
Canada,-80.25,43.55	0,10,-2
Chad,20.7509,16.6836	0,1,-6
Chile,-70.6667,-33.45	-3,11,-8
Chile,-74.0,-48.0	-4,10,-2
China,112.859,26.4024	-5,13,-3
China,114.825,27.7856	0,36,-4
China,121.141,31.7867	-2,10,-4
China,129.336,42.7683	-5,10,-10
CookIslands,-159.767,-21.2333	-4,2,-5
Denmark,12.5833,55.6667	-1,4,-5
France,-1.70904,47.3805	-8,5,-10
France,2.0,46.0	-1,27,-5
France,2.33333,48.8667	-1,19,-4
France,3.97334,48.2447	-1,5,-5
Germany,11.3667,53.05	-3,80,-2
Germany,7.48333,51.1667	-2,7,-6
Germany,8.58333,53.55	-1,10,-10
Germany,9.63333,54.6167	1,10,-2
Ghana,-2.0,8.0	-3,5,-2
Greece,22.0,39.0	-5,2,-2
Guatemala,-89.4333,14.6667	-2,5,-10
Guyana,-58.15,6.8	-9,2,-4
Honduras,-86.9667,13.1167	-5,10,-10
Honduras,-87.6333,13.65	-3,519,-9
Honduras,-88.2333,14.3833	-3,5,-9
Honduras,-89.1,15.05	-3,344,-9
HongKong,113.914,22.1733	-1,20,-4
HongKong,114.167,22.25	-3,194,-5
India,72.8333,19.0667	-4,3,-2
India,76.9806,29.6161	1,3,-2
India,77.2,28.6	-3,96,-3
India,77.3167,28.4333	1,2,-2
India,77.5833,12.9833	-1,10,-4
India,78.45,17.0861	1,4,-6
India,80.0,30.0	-3,8,-2
India,80.2472,12.9714	-5,5,-2
India,81.8833,25.5	-1,22,-3
India,84.4167,20.5	-7,10,-10
Indonesia,111.518,-7.6336	-5,8,-5
Indonesia,120.0,-5.0	-1,9,-6
Iran,53.0,32.0	-4,2,-10
Iraq,44.0,33.0	-2,22,-4
Japan,129.05,32.8667	-3,16,-5
Japan,138.0,36.0	0,100,-5
Japan,139.751,35.685	-2,152,-6
Kenya,36.8167,0.083333	-4,32,-10
Kenya,36.8333,-1.36667	-4,45,-5
Kenya,40.8991,-2.26925	-1,25,-4
Malaysia,101.4,3.0	-4,3,-4
Malta,14.5833,35.8333	-2,10,-10
Mexico,-99.0,19.6667	-4,230,-2
Moldova,29.0,47.0	-1,16,-5
Nepal,87.9409,27.6683	-6,20,-10
Nicaragua,-85.7287,12.3166	-2,8,-5
Nicaragua,-86.2683,12.1508	-2,14,-4
Nigeria,6.0,4.83333	-8,4,-2
Pakistan,65.6436,28.4785	-6,2,-4
Pakistan,73.751,32.0387	-5,10,-10
Panama,-80.4167,7.93333	-5,35,-10
Peru,-76.0,-10.0	-1,32,-7
Philippines,121.422,14.4116	-4,20,-4
Philippines,125.613,7.07306	-2,2,-2
Portugal,-9.13333,38.7167	-4,10,-10
Russia,30.2642,59.8944	-4,1,-5
Russia,37.6156,55.7522	-3,6,-6
SaudiArabia,46.7728,24.6408	0,4,-10
Singapore,103.8,1.3667	-2,29,-7
Somalia,49.0,10.0	-2,4,-9
SouthAfrica,24.0,-29.0	-3,36,-5
SouthAfrica,27.9279,-27.6195	-4,5,-10
SouthAfrica,28.0833,-26.2	-3,386,-6
SouthAfrica,28.7844,-31.5889	-3,2,-5
SouthAfrica,29.0,-32.0	-3,16,-5
SouthSudan,30.0,8.0	-9,35,-10
Spain,-5.66202,40.9681	0,10,-10
SriLanka,79.8358,7.2083	-4,4,-6
SriLanka,79.8478,6.93194	-3,16,-4
Swaziland,31.5,-26.5	-1,350,-2
Switzerland,8.0,47.0	-3,14,-3
Taiwan,120.606,22.9566	-3,1,-4
Taiwan,121.532,25.0478	-1,21,-4
Thailand,100.517,13.75	-2,168,-3
Thailand,99.8171,13.5367	-1,40,-10
TrinidadandTobago,-61.3888,10.6524	-1,2,-6
Turkey,28.9647,41.0186	-1,18,-2
Turkey,35.0,39.0	-4,24,-2
Uganda,32.4469,0.064444	-5,1,-5
Uganda,32.4594,0.404444	1,10,-2
Uganda,32.5656,0.315556	-4,7,-5
Uganda,33.5,1.0	-1,10,-10
UnitedKingdom,-0.083333,50.9167	-4,1,-2
UnitedKingdom,-0.116667,51.5	-2,249,-5
UnitedKingdom,-1.13333,52.6333	-4,10,-10
UnitedKingdom,-1.31405,51.7823	1,4,-2
UnitedKingdom,-1.95,53.8	-2,24,-10
UnitedKingdom,-2.0,54.0	-5,347,-6
UnitedKingdom,-3.18,51.4347	-5,10,-10
UnitedKingdom,-3.23333,54.1167	-4,1,-10
UnitedKingdom,-3.73333,56.0167	-4,2,-6
UnitedKingdom,-3.93333,57.5167	-3,8,-10
UnitedKingdom,-4.03333,57.5667	1,10,-10
UnitedKingdom,0.116667,52.2	-4,3,-6
UnitedStates,-104.988,39.6478	-4,46,-2
UnitedStates,-105.576,41.3119	-1,3,-5
UnitedStates,-106.237,34.8375	-1,52,-2
UnitedStates,-106.624,45.8842	-2,10,-2
UnitedStates,-111.388,33.7712	-1,48,-5
UnitedStates,-111.891,40.7608	0,29,-5
UnitedStates,-112.691,39.1559	0,8,-10
UnitedStates,-115.994,32.7387	-1,10,-7
UnitedStates,-116.126,43.4166	0,4,-2
UnitedStates,-116.203,43.6135	0,3,-6
UnitedStates,-116.227,43.4766	-1,10,-4
UnitedStates,-117.055,43.7949	1,20,-2
UnitedStates,-117.157,32.7153	-1,16,-7
UnitedStates,-118.244,34.0522	0,18,-3
UnitedStates,-118.301,34.1358	-1,76,-2
UnitedStates,-118.408,48.8885	0,2,-10
UnitedStates,-119.018,34.4667	-4,20,-2
UnitedStates,-119.735,48.5499	-3,7,-9
UnitedStates,-120.189,36.6066	-4,4,-10
UnitedStates,-121.571,47.3917	-2,18,-5
UnitedStates,-121.853,38.0633	-1,2,-2
UnitedStates,-121.868,37.9833	-3,12,-2
UnitedStates,-122.17,37.4289	-2,10,-10
UnitedStates,-122.332,47.6062	1,2,-2
UnitedStates,-122.419,37.7749	-2,261,-5
UnitedStates,-122.482,44.3973	-6,56,-10
UnitedStates,-122.676,45.5235	-3,26,-7
UnitedStates,-123.559,46.2146	-4,10,-10
UnitedStates,-123.693,38.9088	3,2,-10
UnitedStates,-124.161,40.8096	0,10,-10
UnitedStates,-124.246,43.4154	-3,10,-10
UnitedStates,-66.335,18.2766	0,3,-10
UnitedStates,-68.8281,44.4409	0,5,-2
UnitedStates,-72.212,44.9539	-1,8,-10
UnitedStates,-72.7622,41.5834	-4,41,-6
UnitedStates,-73.4096,41.4826	-1,24,-4
UnitedStates,-73.644,43.3095	0,1,-5
UnitedStates,-73.7996,41.1168	-2,3,-2
UnitedStates,-73.9204,41.2901	-1,2,-5
UnitedStates,-73.9771,40.7612	2,2,-9
UnitedStates,-74.3799,40.7262	-3,4,-10
UnitedStates,-75.5148,39.3498	-1,10,-10
UnitedStates,-75.918,42.0987	-2,139,-5
UnitedStates,-76.061,43.152	-4,3,-5
UnitedStates,-79.3498,33.4502	0,6,-10
UnitedStates,-79.6831,41.1253	0,3,-2
UnitedStates,-80.1937,25.7743	-2,4,-10
UnitedStates,-80.7884,33.7999	0,10,-5
UnitedStates,-80.9066,33.8191	0,99,-7
UnitedStates,-81.3792,28.5383	-2,2,-2
UnitedStates,-81.5371,41.4739	2,2,-4
UnitedStates,-81.6587,30.3294	0,4,-5
UnitedStates,-84.388,33.749	-2,700,-10
UnitedStates,-84.8555,35.1992	1,2,-5
UnitedStates,-86.1905,36.7534	0,6,-5
UnitedStates,-86.8073,32.799	0,8,-2
UnitedStates,-87.4548,41.6392	0,8,-2
UnitedStates,-87.8501,42.3092	0,1,-2
UnitedStates,-88.0604,44.4489	0,10,-10
UnitedStates,-91.8749,31.1801	-3,794,-5
UnitedStates,-92.3809,34.9513	0,10,-4
UnitedStates,-93.5891,44.9008	1,1,-2
UnitedStates,-96.8005,38.5111	-3,5,-2
UnitedStates,-96.8067,32.7831	-1,120,-2
UnitedStates,-97.0,38.0	-2,4499,-6
UnitedStates,-97.3547,27.8511	-3,10,-4
UnitedStates,-98.2883,41.1289	-1,20,-5
UnitedStates,-99.793,47.5362	-2,34,-3
Zimbabwe,26.4833,-18.3667	-2,6,-4
Zimbabwe,27.1217,-18.9106	-1,14,-10
Zimbabwe,30.0,-20.0	-6,14,-2
