Antarctica,32.3438,-85.6221	0,2,-2
Argentina,-65.0385,-42.7692	-5,10,-2
Argentina,-71.4094,-41.1162	-3,2,-5
Australia,117.25,-33.0667	-2,8,-4
Australia,118.3,-21.25	-1,10,-10
Australia,130.87,-12.3608	-3,4,-2
Australia,133.333,-23.75	-2,30,-4
Australia,145.567,-41.0333	-5,10,-4
Australia,146.011,-17.5758	0,5,-5
Australia,146.16,-42.95	1,10,-6
Australia,146.3,-34.4167	0,20,-10
Australia,148.067,-19.8833	0,120,-4
Australia,149.225,-21.075	0,56,-4
Australia,151.35,-23.9333	0,10,-4
Bangladesh,88.7109,25.7484	-1,1,-4
Bangladesh,89.1354,21.8745	-2,8,-2
Bangladesh,90.5167,23.5333	-1,1,-4
Bolivia,-67.3167,-18.9167	-4,2,-2
Bolivia,-68.15,-16.5	-3,2733,-3
Botswana,24.0,-22.0	-5,7,-7
Botswana,24.9833,-20.05	-4,5,-2
Bulgaria,23.1667,41.8	-6,2,-9
Cambodia,105.0,13.0	-3,19,-10
Cambodia,106.019,12.4881	-1,10,-10
Canada,-115.0,55.0	-2,2,-10
Canada,-115.667,51.15	0,4,-2
Canada,-117.283,56.2333	-2,10,-5
Canada,-120.233,55.7667	1,6,-2
Canada,-123.133,49.25	-2,16,-4
Canada,-123.233,49.3	-1,16,-5
Canada,-123.75,49.1667	-4,8,-2
Canada,-123.917,49.15	-4,2,-2
Canada,-125.833,49.6667	-1,9,-5
Canada,-128.7,54.0	-1,6,-6
Canada,-129.833,54.25	1,12,-2
Canada,-60.6667,45.6333	-2,20,-2
Canada,-73.5833,45.5	0,16,-6
Canada,-80.5,47.8333	-1,6,-2
Canada,-80.6667,48.7667	-1,4,-2
Canada,-95.0,60.0	-1,114,-5
Canada,-97.7167,52.15	0,72,-2
CaymanIslands,-80.6667,19.5	-1,6,-4
China,105.0,35.0	-3,270,-5
China,119.531,31.8806	-4,6,-5
China,120.471,30.1952	-1,8,-6
China,121.458,31.2222	0,78,-3
China,129.768,43.0999	0,30,-7
CookIslands,-165.817,-10.8833	-2,16,-5
CostaRica,-84.0,10.0	-5,129,-7
CostaRica,-84.8388,9.97615	-2,4,-5
Cuba,-82.3642,23.1319	-1,3,-10
Ecuador,-76.8828,0.084722	-1,20,-10
Finland,24.4167,63.2167	-6,5,-4
France,5.73333,45.6333	-4,26,-4
Gabon,11.75,-1.0	-4,10,-4
Germany,13.4,52.5167	-2,22,-2
Honduras,-85.0,15.1667	-4,10,-10
Honduras,-86.5,15.0	-3,346,-7
Honduras,-88.0333,14.15	-7,16,-10
Honduras,-89.1167,14.6	-7,2,-10
HongKong,113.941,22.2614	-3,1,-2
Iceland,-18.0,65.0	-2,5,-4
India,72.8258,18.975	-3,26,-4
India,76.7575,12.8156	0,2,-2
India,77.2167,28.6667	-5,574,-3
India,77.4,23.2667	1,6,-6
India,78.0,11.0	-3,10,-5
India,79.15,10.8	3,20,-10
India,83.3,17.7	0,8,-10
Indonesia,105.933,-1.71667	-3,10,-4
Indonesia,95.5788,4.6338	-5,8,-4
Iran,47.4417,35.1172	-3,8,-5
Ireland,-8.0,53.0	0,10,-5
Israel,34.75,31.5	-1,23,-4
Israel,35.1,31.5333	-4,8,-5
Italy,12.4833,41.9	-3,10,-2
Japan,139.767,35.6667	-2,7,-4
Kenya,36.8667,-1.28333	-5,10,-4
Kenya,38.0,1.0	-4,110,-8
Madagascar,47.5167,-18.9167	5,10,-10
Malaysia,101.083,4.5841	-4,2,-4
Malaysia,117.583,5.41667	0,3,-6
Malta,14.3822,35.8614	-2,2,-2
Mexico,-99.1386,19.4342	-2,500,-2
Morocco,-7.61,33.59	0,6,-10
Myanmar,95.1,15.8333	0,32,-2
Namibia,15.0,-23.0	-4,15,-2
Netherlands,5.75,52.5	-2,78,-3
NewZealand,174.0,-41.0	-1,32,-4
NewZealand,176.833,-38.3333	6,10,-6
Nicaragua,-86.7622,12.199	-2,10,-2
Nigeria,8.0,10.0	-8,24,-6
Norway,10.0,62.0	-3,57,-7
Norway,25.5,69.45	-3,30,-10
Pakistan,67.05,24.8667	-6,10,-2
Philippines,120.55,16.45	-1,353,-4
Philippines,120.592,15.4894	-2,3,-4
Philippines,123.4,8.63333	-5,26,-8
Poland,21.0,52.25	-5,96,-2
Portugal,-8.0,39.5	0,2,-2
Russia,100.0,60.0	-1,28,-7
Russia,20.511,54.7065	-2,2,-10
SouthAfrica,18.4167,-33.9167	2,7,-2
SouthAfrica,28.2294,-25.7069	-2,7,-5
SouthAfrica,30.455,-30.7414	-3,2,-5
SouthSudan,32.7,10.0	-8,85,-10
SriLanka,81.0,7.0	-8,10,-5
Taiwan,121.0,23.5	-3,22,-7
Tanzania,39.1833,-6.16667	-5,6,-4
Tanzania,39.2833,-6.8	-10,212,-4
Thailand,100.0,15.0	-4,60,-4
Thailand,100.602,13.5333	-1,5,-2
Thailand,99.5501,14.0032	-4,14,-2
TrinidadandTobago,-61.5488,10.6811	-1,4,-2
Uganda,31.3436,1.43556	-1,16,-2
UnitedKingdom,-1.01667,53.6	-1,10,-10
UnitedKingdom,-1.36667,51.85	-4,10,-4
UnitedKingdom,-1.43333,54.3333	0,10,-2
UnitedKingdom,-1.53333,53.9833	-7,8,-10
UnitedKingdom,-2.58333,51.45	-2,8,-6
UnitedKingdom,-6.5,54.5	-1,5,-2
UnitedKingdom,0.9,51.3167	0,3,-2
UnitedStates,-100.402,44.4511	-1,9,-2
UnitedStates,-103.537,38.7333	0,24,-4
UnitedStates,-104.82,41.14	-1,1120,-2
UnitedStates,-104.985,39.7392	0,66,-4
UnitedStates,-105.327,39.0646	0,274,-4
UnitedStates,-106.651,35.0845	-2,140,-2
UnitedStates,-108.938,40.5625	0,6,-2
UnitedStates,-109.501,37.7505	-1,79,-10
UnitedStates,-110.234,44.7666	-3,4,-4
UnitedStates,-110.326,46.9048	0,117,-5
UnitedStates,-111.854,40.1135	-1,118,-5
UnitedStates,-111.892,40.8716	-1,10,-10
UnitedStates,-113.564,42.3191	-3,10,-4
UnitedStates,-114.51,44.2394	-3,1015,-4
UnitedStates,-115.137,36.175	-2,16,-7
UnitedStates,-115.818,33.3149	-2,11,-2
UnitedStates,-116.801,33.0334	0,4,-10
UnitedStates,-118.844,43.2657	-5,710,-9
UnitedStates,-119.001,43.1665	-2,67,-8
UnitedStates,-119.682,34.0186	-2,39,-3
UnitedStates,-119.772,36.7477	-1,12,-2
UnitedStates,-119.828,34.4358	-2,7,-7
UnitedStates,-120.163,46.3196	-2,6,-2
UnitedStates,-120.851,36.6166	-3,10,-4
UnitedStates,-121.494,38.5816	-2,4,-2
UnitedStates,-121.617,39.1404	-1,10,-2
UnitedStates,-121.625,38.1669	-5,10,-2
UnitedStates,-122.151,42.9415	0,5,-2
UnitedStates,-122.411,37.6305	-2,16,-10
UnitedStates,-122.444,47.2529	-4,6,-5
UnitedStates,-122.613,48.5126	-1,5,-5
UnitedStates,-123.534,38.7685	-2,10,-2
UnitedStates,-152.268,61.385	-1,75,-4
UnitedStates,-71.0598,42.3584	-2,27,-5
UnitedStates,-71.5101,41.6772	-1,10,-6
UnitedStates,-71.5653,43.4108	-1,122,-3
UnitedStates,-73.8962,40.949	-1,4,-4
UnitedStates,-73.9465,41.2745	-1,25,-4
UnitedStates,-74.5089,40.314	-4,16,-8
UnitedStates,-75.0638,42.4529	-3,2,-2
UnitedStates,-75.1704,42.3442	-2,9,-5
UnitedStates,-75.251,42.8792	-2,5,-2
UnitedStates,-76.013,36.8421	-1,5,-2
UnitedStates,-77.0178,38.8773	-2,22,-2
UnitedStates,-77.0364,38.8951	-1,2000,-4
UnitedStates,-77.4603,37.5538	1,2,-4
UnitedStates,-78.2057,37.768	0,48,-3
UnitedStates,-78.8867,33.6891	0,2,-5
UnitedStates,-78.9831,33.9168	0,11,-4
UnitedStates,-79.8431,35.6411	0,10,-10
UnitedStates,-79.9309,32.7766	-1,1,-5
UnitedStates,-80.3256,27.4467	0,2,-2
UnitedStates,-80.9337,26.7542	-3,6,-2
UnitedStates,-80.9696,38.468	-1,163,-2
UnitedStates,-81.1676,28.4825	-2,2,-2
UnitedStates,-81.4401,37.4209	0,4,-2
UnitedStates,-82.7755,40.3736	0,33,-6
UnitedStates,-84.5332,32.0502	1,10,-5
UnitedStates,-84.5603,43.3504	-1,34,-4
UnitedStates,-84.9666,34.8334	0,2,-4
UnitedStates,-86.1247,30.4105	-4,10,-2
UnitedStates,-86.2604,39.8647	-2,30,-7
UnitedStates,-87.0811,38.6625	0,2,-2
UnitedStates,-89.9367,29.1869	-2,24,-6
UnitedStates,-93.2168,29.8669	-5,2,-6
UnitedStates,-93.8943,29.7336	-2,10,-4
UnitedStates,-97.1081,32.7357	-3,2,-5
UnitedStates,-97.6475,31.106	-1,118,-5
UnitedStates,-99.4632,44.2853	-3,6,-3
UnitedStates,0.0,0.0	-2,1,-5
Vietnam,106.0,16.0	-3,62,-5
Vietnam,106.567,20.2833	-1,10,-2
Vietnam,109.167,11.8833	-4,2,-6
