Albania,19.5614,40.6136	-1,8,-5
Armenia,45.0,40.0	-4,8,-2
Australia,144.967,-37.8167	-1,16,-3
Australia,145.46,-14.6668	-2,4,-2
Australia,148.922,-20.1167	0,10,-4
Australia,148.967,-21.6333	0,10,-2
Australia,149.217,-35.2833	0,116,-5
Australia,151.217,-33.8833	0,34,-4
Australia,151.3,-33.7333	-4,50,-2
Australia,151.318,-33.6318	-2,20,-3
Australia,151.954,-27.4634	0,2,-4
Australia,151.954,-27.5606	0,8,-4
Australia,153.217,-27.75	-2,12,-2
Bahamas,-78.7,26.5333	-1,4,-6
Belgium,4.33333,50.8333	-5,16,-10
Belize,-87.8333,18.15	0,30,-4
Bolivia,-65.7531,-19.5836	-6,5,-2
Brazil,-43.2333,-22.9	-4,310,-5
Brazil,-55.0,-10.0	-4,136,-7
Cambodia,103.013,11.3336	-4,500,-10
Cambodia,103.25,12.0	-2,5,-10
Canada,-102.467,51.2167	0,552,-2
Canada,-110.683,50.0333	0,10,-10
Canada,-111.383,56.7333	-1,21,-2
Canada,-114.083,51.0833	-2,252,-7
Canada,-116.183,51.4333	0,36,-2
Canada,-68.5667,70.45	-1,1,-6
Canada,-72.0,47.5	0,70,-4
Canada,-78.0,40.0	-3,2,-10
Canada,-78.0,43.6667	-1,20,-5
China,103.422,34.583	-2,4,-5
China,116.388,39.9289	-1,166,-4
China,121.271,31.1761	0,5,-2
China,123.792,40.7703	-5,10,-5
Colombia,-72.0,4.0	-3,12,-4
Congo,15.0,-1.0	-6,10,-4
Cyprus,33.0,35.0	2,5,-10
Denmark,10.0,56.0	-1,5,-4
ElSalvador,-88.9167,13.8333	-3,30,-10
Germany,9.0,51.0	-3,89,-5
Honduras,-87.2167,14.1	-5,1123,-9
Honduras,-87.3667,13.7667	-5,237,-10
Honduras,-87.95,15.6167	-4,7,-10
Hungary,18.1921,46.236	-4,40,-6
Hungary,20.0,47.0	0,5,-4
Iceland,-21.0,63.9333	-2,10,-5
India,73.3,18.1667	0,6,-10
India,73.4,19.25	-2,3,-10
India,75.7667,23.1833	-7,4,-2
India,76.0,13.5	-2,7,-10
India,76.6667,33.9167	1,10,-5
India,76.6833,9.33333	-1,3,-5
India,77.0,20.0	0,57,-3
India,77.6833,19.85	-1,10,-10
India,85.5167,25.1833	-1,4,-6
India,96.4667,27.4667	-3,10,-4
Indonesia,105.167,-2.06667	0,10,-4
Indonesia,106.829,-6.17444	-5,8,-7
Indonesia,109.183,1.61667	-3,30,-5
Indonesia,114.0,1.0	-4,10,-5
Indonesia,99.0,2.0	0,7,-7
Italy,12.8333,42.8333	-3,3,-10
Kenya,36.7768,-1.85238	-4,8,-10
Kenya,36.8167,-1.28333	-3,37,-6
Kenya,36.8333,-1.16667	-5,5,-2
Kenya,37.0728,0.016667	-4,10,-6
Latvia,24.1,56.95	0,14,-4
Liberia,-9.5,6.5	-1,10,-10
Libya,21.85,32.8304	-3,2,-10
Malawi,33.7833,-13.9833	-7,5,-9
Malaysia,116.072,5.9749	0,3,-2
Malta,14.5147,35.8997	-2,3,-2
Mexico,-102.0,23.0	-1,2055,-4
Mexico,-103.467,25.3667	-3,6,-2
Mexico,-113.3,31.6667	-5,2,-10
Mexico,-114.767,32.7	-1,8,-4
Mexico,-96.9167,19.5333	-1,20,-4
Micronesia,158.25,6.9167	-3,215,-4
Nepal,86.75,27.7833	0,8,-5
Nepal,86.9245,27.9884	0,2,-5
Nigeria,3.39583,6.45306	0,5,-2
Nigeria,5.10393,6.26566	-6,6,-5
NorthKorea,125.755,39.0194	-6,11,-10
Norway,10.75,59.9167	-8,10,-2
Pakistan,70.0,30.0	0,9,-4
Panama,-80.0,9.0	-2,5,-2
PapuaNewGuinea,147.0,-6.0	-3,8,-10
Peru,-77.05,-12.05	-2,279,-2
Philippines,120.982,14.6042	-6,10,-4
SolomonIslands,156.528,-7.91746	-3,3,-7
SouthAfrica,28.5162,-28.4725	-2,2,-4
SouthAfrica,31.0172,-28.1715	-3,30,-2
SouthAfrica,31.0907,-28.6207	-3,5,-10
SouthAfrica,31.5,-23.8333	-6,10,-7
SouthKorea,126.916,35.1547	-3,10,-4
Spain,-15.5,28.0	-1,8,-7
Spain,-3.68333,40.4	-3,29,-7
Spain,-4.0,40.0	-3,48,-6
Spain,-9.4,38.6667	-4,8,-2
SriLanka,80.0359,6.6525	-2,1,-2
SriLanka,81.291,8.4854	-1,91,-3
Sweden,18.05,59.3333	0,2,-2
Syria,38.0,35.0	-5,8,-2
Taiwan,119.0,24.0	0,7,-2
Taiwan,121.541,22.0511	-3,4,-4
Tanzania,33.9833,-2.68333	-8,107,-6
Tanzania,35.0,-6.0	-6,161,-5
Tanzania,39.8333,-4.96667	0,5,-7
Thailand,100.274,13.5475	-2,10,-6
Thailand,98.3833,7.83333	-2,19,-8
Uganda,31.7591,2.16002	-5,10,-10
Ukraine,30.8607,46.5625	-4,2,-5
Ukraine,34.1108,44.9572	-3,6,-5
UnitedKingdom,-5.54778,50.1136	2,6,-10
UnitedStates,-100.406,32.471	-1,8,-5
UnitedStates,-105.339,45.2908	1,10,-2
UnitedStates,-105.651,45.3833	-2,20,-2
UnitedStates,-105.66,40.255	0,4,-2
UnitedStates,-106.036,42.7173	-2,3,-5
UnitedStates,-107.209,42.7475	-1,574,-2
UnitedStates,-109.868,37.63	0,24,-2
UnitedStates,-110.584,43.9166	2,4,-2
UnitedStates,-112.139,36.0544	0,8,-9
UnitedStates,-112.677,33.3481	-1,494,-2
UnitedStates,-114.322,34.4839	-2,10,-2
UnitedStates,-116.35,46.0485	0,10,-10
UnitedStates,-117.122,38.4199	-3,985,-7
UnitedStates,-118.327,34.0983	0,10,-10
UnitedStates,-118.526,34.2747	-2,88,-8
UnitedStates,-119.746,36.17	-1,1116,-5
UnitedStates,-120.857,35.2122	0,11,-4
UnitedStates,-121.021,39.4346	-1,6,-6
UnitedStates,-121.782,42.2249	-3,10,-4
UnitedStates,-121.901,36.8	0,14,-10
UnitedStates,-122.127,44.5672	-3,1999,-6
UnitedStates,-122.236,48.5039	-5,10,-10
UnitedStates,-122.607,42.0749	-2,10,-5
UnitedStates,-123.248,39.7929	-2,4,-10
UnitedStates,-123.674,41.0504	-10,2,-2
UnitedStates,-134.083,56.6667	0,3,-4
UnitedStates,-157.531,21.1098	-1,30,-3
UnitedStates,-158.009,21.3867	-5,20,-3
UnitedStates,-69.3977,44.6074	0,101,-5
UnitedStates,-71.1164,42.3784	-2,3,-7
UnitedStates,-71.1495,42.2793	-1,8,-5
UnitedStates,-71.5314,42.2373	-4,26,-3
UnitedStates,-72.4262,41.0648	-4,1,-5
UnitedStates,-72.5898,42.1015	0,3,-10
UnitedStates,-72.7093,44.0407	1,34,-10
UnitedStates,-72.7995,40.8668	-3,23,-3
UnitedStates,-73.2821,41.4201	-1,16,-4
UnitedStates,-73.8243,40.9601	-5,88,-5
UnitedStates,-74.0282,40.6968	0,2,-4
UnitedStates,-74.9384,42.1497	0,2083,-5
UnitedStates,-75.1638,39.9523	0,20,-8
UnitedStates,-75.9922,40.6409	-2,2,-10
UnitedStates,-76.7902,39.0724	-1,44,-4
UnitedStates,-77.0003,38.889	-6,10,-10
UnitedStates,-77.025,38.8862	-3,11,-3
UnitedStates,-77.264,40.5773	-1,283,-5
UnitedStates,-78.6664,39.6668	-1,30,-2
UnitedStates,-81.717,27.8333	-1,113,-5
UnitedStates,-81.8332,29.9997	0,24,-2
UnitedStates,-81.9498,28.0395	-2,6,-2
UnitedStates,-84.3052,30.2335	0,41,-4
UnitedStates,-84.6514,37.669	-1,18,-8
UnitedStates,-84.8666,35.1501	1,3,-5
UnitedStates,-84.9516,37.6504	-3,3,-10
UnitedStates,-87.6501,41.85	0,15,-2
UnitedStates,-88.2315,43.0117	0,5,-2
UnitedStates,-88.8334,40.4834	0,2,-4
UnitedStates,-89.0022,40.3363	2,6,-2
UnitedStates,-89.6385,44.2563	0,30,-4
UnitedStates,-92.302,38.4623	-3,18,-3
UnitedStates,-92.8024,42.8958	-1,10,-10
UnitedStates,-93.214,42.0046	0,23,-3
UnitedStates,-95.3633,29.7633	-3,10,-2
UnitedStates,-96.9247,35.5376	-3,28,-3
UnitedStates,-97.4836,29.4502	0,2,-5
Zambia,30.4167,-15.6167	-1,5,-10
Zimbabwe,31.0447,-17.8178	-2,40,-9
