Antarctica,32.3438,-85.6221	1,5,-2
Australia,115.767,-32.0	1,30,-5
Australia,140.567,-34.2333	1,20,-4
Australia,147.28,-43.29	2,30,-10
Australia,148.067,-19.8833	2,320,-4
Australia,151.371,-33.4298	1,4,-2
Bahamas,-77.35,25.0833	3,40,-5
Bahamas,-77.5833,25.0333	3,1,-2
Belgium,4.0,50.8333	1,53,-5
Botswana,24.0,-22.0	2,15,-2
Brazil,-37.55,-7.58333	1,52,-10
Brazil,-46.6167,-23.5333	1,5,-2
Brazil,-47.9167,-15.7833	1,5,-2
Cambodia,105.0,13.0	0,42,-5
Cambodia,106.019,12.4881	0,50,-10
Cameroon,11.55,3.73333	1,1,-10
Canada,-121.933,50.6833	2,4,-5
Canada,-123.133,49.25	2,39,-5
Canada,-123.233,49.3	2,20,-4
Canada,-125.9,49.1333	1,1,-5
Canada,-70.8833,45.5833	2,10,-10
Canada,-73.5833,45.5	2,126,-6
Canada,-95.0,60.0	2,1011,-5
Canada,-97.1667,49.8833	2,10,-4
Canada,-97.7167,52.15	5,5,-2
Chile,-70.7833,-33.7333	2,15,-4
Chile,-72.7,-45.4	1,12,-3
China,101.551,21.4686	2,24,-4
China,105.0,35.0	2,345,-4
China,116.274,27.7481	3,4,-4
China,121.458,31.2222	1,4,-2
China,92.4,31.7	4,2,-10
Colombia,-74.4,4.6	1,2,-4
CostaRica,-84.0,10.0	2,63,-10
CostaRica,-84.8388,9.97615	1,4,-5
Croatia,14.1811,45.1367	2,10,-10
ElSalvador,-89.1728,13.5814	2,2,-2
Fiji,175.0,-18.0	1,10,-5
France,4.52338,48.5556	2,20,-4
France,5.73333,45.6333	1,32,-6
Gabon,11.4,2.15	6,5,-5
Gabon,11.75,-1.0	1,5,-10
Germany,10.0,53.55	0,2,-5
Germany,13.0,51.0	1,10,-10
Germany,14.6333,51.9333	2,6,-2
Guyana,-58.1615,6.8094	1,8,-10
HongKong,113.941,22.2614	1,10,-10
HongKong,114.267,22.3833	1,5,-10
India,72.7333,19.65	0,8,-2
India,72.8258,18.975	0,10,-10
India,72.85,19.5167	0,5,-9
India,75.0,14.0	0,3,-4
India,75.3333,19.8833	4,10,-4
India,75.75,12.4167	1,5,-6
India,75.8167,26.9167	2,6,-6
India,76.0,28.0	0,2,-4
India,77.2167,28.6667	2,4,-4
India,77.4,23.2667	2,20,-4
India,80.2833,13.0833	4,10,-4
India,83.3,17.7	8,10,-10
Ireland,-8.0,53.0	3,20,-10
Ireland,-8.22194,53.0206	2,9,-2
Israel,35.1278,32.8389	1,20,-4
Japan,135.5,34.6667	1,14,-3
Japan,135.95,33.5833	0,40,-5
Jersey,-2.12585,49.1961	1,58,-6
Jordan,36.0,31.0	2,15,-2
Kenya,35.8601,-1.07829	2,5,-4
Kenya,36.4359,-0.716667	2,5,-4
Kenya,38.0,1.0	2,110,-6
Kenya,38.4619,-2.99208	2,4,-10
Lebanon,35.5097,33.8719	4,6,-4
Macau,113.55,22.1667	3,6,-2
Malaysia,112.5,2.5	3,29,-4
Mexico,-99.1386,19.4342	3,2,-4
Mongolia,105.0,46.0	0,30,-5
Mozambique,37.4967,-14.1989	0,410,-4
Myanmar,96.1561,16.8053	1,5,-5
Nepal,85.3167,27.7167	1,2,-2
Netherlands,5.75,52.5	2,20,-5
NewZealand,174.0,-41.0	1,24,-4
NewZealand,175.233,-41.1167	1,6,-9
Nicaragua,-85.0,13.0	2,10,-2
Nigeria,8.0,10.0	2,20,-3
Norway,10.0,62.0	1,52,-4
Norway,24.2833,70.45	2,20,-10
Pakistan,67.05,24.8667	5,5,-2
Pakistan,73.2145,34.1469	2,6,-5
Philippines,120.55,16.45	3,20,-4
Philippines,121.069,14.659	2,4,-2
Philippines,123.4,8.63333	1,32,-3
Philippines,123.8,10.5167	2,8,-2
Philippines,124.252,7.52139	2,6,-2
Portugal,-7.5389,38.2167	3,15,-2
Portugal,-8.0,39.5	3,40,-4
PuertoRico,-66.4838,18.2359	1,90,-7
Qatar,51.5333,25.2867	2,88,-8
Russia,100.0,60.0	2,63,-5
Russia,36.1873,51.7373	1,8,-4
Russia,39.7257,43.5992	0,52,-5
SouthAfrica,18.2728,-32.9002	0,10,-5
Svalbard,20.0,78.0	0,10,-2
Thailand,100.0,15.0	3,1,-4
Thailand,102.896,17.2664	2,10,-10
Thailand,99.9989,13.3643	2,6,-2
TrinidadandTobago,-61.0,11.0	1,90,-5
TrinidadandTobago,-61.4344,10.7635	3,4,-2
TrinidadandTobago,-61.5167,10.65	1,6,-6
Turkey,27.6997,38.4953	0,10,-6
UnitedKingdom,-1.03333,51.5667	1,5,-2
UnitedKingdom,-1.7,52.6167	3,2,-5
UnitedKingdom,-2.37806,51.7325	3,10,-10
UnitedKingdom,-2.61667,59.15	3,10,-10
UnitedKingdom,-5.93333,54.5833	2,4,-10
UnitedKingdom,0.05,52.2167	5,10,-5
UnitedStates,-102.366,43.1405	2,20,-10
UnitedStates,-105.327,39.0646	1,108,-5
UnitedStates,-108.317,41.2666	3,20,-2
UnitedStates,-110.292,39.1666	1,10,-2
UnitedStates,-110.326,46.9048	1,350,-2
UnitedStates,-110.784,32.9845	2,30,-10
UnitedStates,-111.854,40.1135	2,63,-5
UnitedStates,-112.074,33.4484	1,24,-10
UnitedStates,-114.51,44.2394	2,101,-3
UnitedStates,-119.568,37.8499	3,27,-2
UnitedStates,-119.682,34.0186	2,16,-3
UnitedStates,-119.772,36.7477	2,20,-2
UnitedStates,-119.939,39.0894	4,3,-2
UnitedStates,-120.019,38.1681	2,69,-2
UnitedStates,-120.612,35.0989	3,2,-10
UnitedStates,-121.082,36.5097	3,2,-5
UnitedStates,-121.494,38.5816	3,246,-3
UnitedStates,-122.28,37.7083	1,1,-10
UnitedStates,-122.301,40.1332	1,2,-2
UnitedStates,-122.545,37.906	3,6,-10
UnitedStates,-122.637,38.2324	2,56,-4
UnitedStates,-122.65,47.6632	2,8,-2
UnitedStates,-122.835,43.9165	3,8,-9
UnitedStates,-152.268,61.385	2,92,-5
UnitedStates,-68.9211,44.1873	4,6,-4
UnitedStates,-71.0598,42.3584	2,29,-2
UnitedStates,-71.5101,41.6772	2,5,-2
UnitedStates,-71.5653,43.4108	2,10,-4
UnitedStates,-73.1761,44.0085	3,6,-10
UnitedStates,-73.2104,40.7298	1,20,-2
UnitedStates,-73.9524,40.8854	3,15,-4
UnitedStates,-74.006,41.9695	1,50,-10
UnitedStates,-74.3776,40.489	1,1,-10
UnitedStates,-74.5089,40.314	2,37,-2
UnitedStates,-74.7829,41.7001	4,24,-5
UnitedStates,-76.2499,41.3754	2,10,-2
UnitedStates,-76.3077,36.881	1,3,-2
UnitedStates,-77.0178,38.8773	3,63,-6
UnitedStates,-77.0364,38.8951	2,1250,-4
UnitedStates,-77.4603,37.5538	2,10,-4
UnitedStates,-78.2057,37.768	2,55,-5
UnitedStates,-78.8147,35.4252	1,4,-2
UnitedStates,-79.3602,38.2065	2,100,-5
UnitedStates,-79.8431,35.6411	1,23,-3
UnitedStates,-79.9309,32.7766	2,4,-5
UnitedStates,-80.3256,27.4467	1,2,-2
UnitedStates,-80.4164,27.0837	1,2,-2
UnitedStates,-80.5762,28.0553	3,2,-2
UnitedStates,-80.9696,38.468	2,79,-3
UnitedStates,-81.5498,35.3335	2,18,-4
UnitedStates,-81.7915,28.7919	4,5,-5
UnitedStates,-82.0576,29.2166	2,21,-4
UnitedStates,-82.7493,29.2919	1,70,-10
UnitedStates,-82.7755,40.3736	3,87,-9
UnitedStates,-84.5603,43.3504	2,36,-5
UnitedStates,-84.895,40.4984	2,10,-5
UnitedStates,-84.9953,42.2573	1,10,-4
UnitedStates,-85.4849,32.6021	1,1,-10
UnitedStates,-86.2604,39.8647	2,2,-10
UnitedStates,-87.679,46.4733	4,6,-2
UnitedStates,-88.8834,41.2667	2,1,-10
UnitedStates,-90.0751,29.9546	1,44,-3
UnitedStates,-94.8803,47.4736	2,20,-7
UnitedStates,-95.0586,46.9222	2,4,-6
UnitedStates,-97.1331,33.2148	1,10,-5
UnitedStates,-97.2112,46.9005	2,2,-2
UnitedStates,-97.3208,32.7254	2,1,-2
UnitedStates,-97.6475,31.106	1,128,-5
UnitedStates,-97.7389,30.286	2,10,-4
UnitedStates,-99.4632,44.2853	1,2,-10
UnitedStates,0.0,0.0	2,17,-7
Uzbekistan,64.0,41.0	1,10,-5
Vietnam,106.0,16.0	3,10,-5
