AntiguaandBarbuda,-61.8,17.05	3,2,-4
Armenia,44.5136,40.1811	1,6,-10
Australia,133.0,-27.0	1,91,-7
Australia,146.283,-42.2833	3,10,-10
Australia,146.833,-18.0	2,157,-3
Australia,148.389,-30.9539	1,2,-2
Australia,148.716,-20.2672	4,8,-2
Australia,149.983,-36.7313	2,2,-2
Australia,151.276,-33.8902	2,10,-2
Australia,151.285,-33.7985	1,8,-5
Australia,152.658,-26.1892	1,10,-2
Australia,153.017,-27.5	2,10,-2
Austria,13.8333,46.75	1,2,-10
Austria,16.3667,48.2	5,14,-9
Bangladesh,90.0,24.0	2,14,-6
Botswana,25.9317,-24.6611	2,5,-5
Brazil,-40.3167,-13.6667	2,6,-2
Brazil,-42.6,-22.8667	4,10,-10
Brazil,-48.6333,-20.9167	4,10,-5
Brazil,-52.6972,-23.4799	3,4,-4
Canada,-111.633,57.1667	2,10,-5
Canada,-125.917,49.15	1,3,-5
Canada,-126.0,49.25	1,4,-5
Canada,-75.7,45.4167	2,92,-4
Canada,-79.4167,43.6667	2,10,-4
Chile,-70.6667,-33.45	1,54,-5
Chile,-71.0,-30.0	2,255,-4
Chile,-71.4167,-35.7	1,17,-4
Chile,-74.0,-48.0	2,3,-2
China,105.601,27.2239	2,10,-4
China,110.846,21.9392	2,2,-6
China,113.25,23.1167	2,90,-5
China,119.076,37.7575	1,2,-2
China,121.141,31.7867	2,16,-4
China,129.336,42.7683	2,5,-6
Czechoslovakia,17.1167,48.15	1,4,-10
Denmark,12.5833,55.6667	5,4,-10
Ecuador,-75.4,-0.933333	1,5,-5
Ethiopia,38.0,8.0	3,2,-10
France,-3.11963,47.4841	0,10,-5
France,2.0,46.0	1,83,-7
Germany,11.5833,48.15	2,20,-4
Ghana,-2.0,8.0	1,16,-10
Guatemala,-89.1333,15.4	1,36,-9
HongKong,114.1,22.35	1,10,-4
India,72.6667,23.0833	3,5,-5
India,77.0333,28.4667	0,5,-9
India,78.7833,28.8333	0,4,-10
India,80.9167,26.85	0,2,-10
India,92.0,24.0	1,4,-4
India,93.55,24.9667	1,10,-10
Indonesia,108.134,-7.0065	2,6,-8
Iran,53.0,32.0	3,10,-10
Iraq,44.0,33.0	2,18,-6
Ireland,-6.24889,53.3331	1,32,-7
Ireland,-9.93139,52.2783	1,12,-10
Japan,129.05,32.8667	2,10,-4
Japan,135.75,35.0	1,20,-3
Japan,138.0,36.0	1,74,-5
Japan,139.751,35.685	0,143,-6
Kenya,36.8333,-1.36667	2,38,-10
Laos,102.6,17.9667	1,4,-2
Malaysia,103.432,3.9679	1,1,-6
Malaysia,114.0,1.0	2,8,-4
Malta,14.25,36.0494	2,8,-10
Malta,14.3425,35.9747	1,10,-4
Malta,14.5833,35.8333	0,39,-5
Myanmar,98.0,22.0	2,16,-4
Namibia,17.0,-22.0	1,18,-7
NewZealand,169.117,-43.8	2,10,-4
NewZealand,174.083,-35.2833	2,2,-4
Nicaragua,-86.2683,12.1508	2,10,-9
Nigeria,6.0,4.83333	1,15,-4
Pakistan,65.785,26.4681	2,4,-5
Pakistan,73.1667,33.7	2,22,-4
Peru,-76.0,-10.0	1,51,-7
Philippines,120.995,14.5243	2,3,-6
Romania,26.1,44.4333	5,125,-2
Russia,30.2642,59.8944	3,18,-5
Russia,37.6156,55.7522	2,12,-5
Russia,54.9641,57.2682	0,10,-10
Russia,95.8414,56.7428	0,8,-5
Somalia,49.0,10.0	2,10,-2
SouthAfrica,24.0,-29.0	7,2,-2
SouthAfrica,27.8667,-26.2667	1,10,-5
SouthAfrica,28.0833,-26.2	2,5,-10
Sweden,15.0,62.0	3,2,-2
Switzerland,8.0,47.0	2,5,-5
Thailand,100.517,13.75	1,44,-4
TrinidadandTobago,-61.4167,10.45	3,4,-5
TrinidadandTobago,-61.4167,10.5167	2,6,-6
Tunisia,9.0,34.0	2,4,-2
Turkey,28.9647,41.0186	2,30,-6
Turkey,29.3333,40.5333	0,10,-6
Turkey,35.0,39.0	1,10,-2
Uganda,32.0,1.0	2,2,-10
Uganda,32.5656,0.315556	4,10,-2
Ukraine,32.0,49.0	2,11,-2
UnitedKingdom,-0.116667,51.5	2,102,-7
UnitedKingdom,-2.0,54.0	2,89,-5
UnitedKingdom,-4.45,57.3	3,5,-10
UnitedKingdom,0.083333,52.3333	2,8,-2
UnitedStates,-105.102,40.1672	3,2,-2
UnitedStates,-106.237,34.8375	2,12,-5
UnitedStates,-106.778,32.3123	2,2,-10
UnitedStates,-108.483,36.69	3,6,-2
UnitedStates,-108.577,32.9659	1,10,-10
UnitedStates,-109.027,32.6978	2,6,-10
UnitedStates,-111.388,33.7712	1,125,-7
UnitedStates,-111.867,40.7844	3,8,-4
UnitedStates,-112.048,33.0581	1,15,-10
UnitedStates,-112.667,32.9167	1,1,-10
UnitedStates,-115.084,32.9584	2,10,-4
UnitedStates,-115.245,36.108	1,2,-2
UnitedStates,-116.203,43.6135	3,1,-2
UnitedStates,-117.157,32.7153	1,2,-4
UnitedStates,-117.29,34.1083	5,3,-9
UnitedStates,-118.201,34.3667	3,2,-4
UnitedStates,-118.293,36.5785	1,2,-2
UnitedStates,-118.781,34.2694	7,1,-9
UnitedStates,-120.66,35.2828	2,4,-2
UnitedStates,-121.568,45.5379	2,10,-10
UnitedStates,-121.868,37.9833	3,37,-2
UnitedStates,-122.046,47.3927	0,1,-10
UnitedStates,-122.273,37.8716	2,25,-7
UnitedStates,-122.332,47.6062	2,17,-2
UnitedStates,-122.419,37.7749	2,43,-5
UnitedStates,-122.676,45.5235	3,5,-2
UnitedStates,-149.9,61.2181	2,10,-2
UnitedStates,-72.7622,41.5834	2,30,-8
UnitedStates,-72.8684,41.2762	3,2,-5
UnitedStates,-73.4085,41.577	2,18,-4
UnitedStates,-74.3401,42.7965	4,8,-2
UnitedStates,-74.5329,40.8334	0,12,-3
UnitedStates,-74.6413,39.8834	3,2,-5
UnitedStates,-75.3749,40.5004	1,10,-7
UnitedStates,-75.5148,39.3498	2,12,-5
UnitedStates,-76.061,43.152	3,158,-3
UnitedStates,-76.405,38.319	2,6,-5
UnitedStates,-76.5877,34.6649	2,28,-5
UnitedStates,-77.0422,38.899	2,4,-5
UnitedStates,-78.5986,36.656	4,4,-5
UnitedStates,-79.1214,33.4332	2,6,-5
UnitedStates,-79.1514,33.3724	2,2,-5
UnitedStates,-79.4595,33.2352	2,12,-10
UnitedStates,-79.7133,33.1673	2,6,-5
UnitedStates,-80.0534,26.7153	2,4,-2
UnitedStates,-80.1937,25.7743	1,63,-4
UnitedStates,-80.8431,35.2271	2,2,-4
UnitedStates,-80.9066,33.8191	1,98,-5
UnitedStates,-81.4035,41.5176	3,10,-2
UnitedStates,-81.4537,37.7393	3,10,-2
UnitedStates,-81.5792,26.6803	3,4,-2
UnitedStates,-81.6484,30.3344	1,10,-4
UnitedStates,-81.6556,30.3322	1,10,-4
UnitedStates,-81.8831,26.567	1,8,-9
UnitedStates,-82.7088,35.9429	4,5,-2
UnitedStates,-84.4375,45.6875	4,2,-4
UnitedStates,-85.8125,34.5623	1,4,-5
UnitedStates,-86.8073,32.799	3,25,-6
UnitedStates,-87.9065,43.0389	4,4,-10
UnitedStates,-91.8749,31.1801	2,55,-3
UnitedStates,-92.3809,34.9513	2,20,-8
UnitedStates,-95.4002,29.8336	3,10,-5
UnitedStates,-96.8005,38.5111	0,30,-8
UnitedStates,-96.8067,32.7831	4,4,-5
UnitedStates,-97.0,38.0	2,345,-6
UnitedStates,-97.1317,33.0732	1,4,-10
UnitedStates,-97.6336,26.467	1,64,-2
UnitedStates,-98.2883,41.1289	1,89,-4
UnitedStates,-98.4936,29.4241	5,5,-5
UnitedStates,-99.793,47.5362	1,68,-8
Vietnam,105.117,10.7	3,2,-10
Vietnam,105.917,10.25	1,4,-2
Zimbabwe,31.6335,-19.6444	0,10,-5
