Argentina,-64.1833,-31.4	0,389,-6
Armenia,45.6723,39.8417	2,2,-5
Australia,144.967,-37.8167	2,1,-10
Australia,149.217,-35.2833	2,6,-6
Australia,150.164,-30.2732	2,10,-5
Australia,151.16,-23.6222	2,2,-9
Australia,151.217,-33.8833	1,151,-7
Australia,152.144,-32.7204	2,50,-2
Belgium,4.33333,50.8333	4,17,-2
Botswana,22.5,-20.5	2,20,-4
Brazil,-39.3333,-12.1667	1,56,-4
Brazil,-43.2333,-22.9	1,10,-2
Brazil,-55.0,-10.0	1,89,-8
Bulgaria,25.0,43.0	0,20,-6
Bulgaria,25.9,43.4667	1,21,-10
Cambodia,103.013,11.3336	1,5,-10
Cambodia,104.917,11.55	1,30,-7
Cambodia,105.95,13.5333	1,7,-4
Cameroon,8.8724,4.9479	1,5,-4
Canada,-111.033,56.6667	2,14,-5
Canada,-119.483,49.9	2,4,-2
Canada,-121.433,49.5667	4,1,-10
Canada,-72.0,47.5	3,17,-3
Canada,-79.95,43.0667	1,15,-6
Canada,-82.4333,52.9167	1,9,-6
Canada,-85.0,45.0	2,2,-4
China,116.388,39.9289	1,22,-2
China,119.777,32.8439	2,10,-4
Cyprus,33.0,35.0	3,6,-4
CzechRepublic,15.5,49.75	2,6,-4
Ecuador,-77.5,-2.0	2,8,-10
ElSalvador,-88.9167,13.8333	3,6,-10
FrenchGuiana,-53.0,4.0	0,6,-4
Gambia,-16.5775,13.4531	2,12,-4
Germany,6.41667,50.4333	2,1,-4
Germany,6.96083,49.4047	6,2,-2
Germany,9.0,51.0	3,368,-5
Greece,23.75,37.9667	1,8,-2
Hungary,20.0,47.0	1,2,-7
Iceland,-21.95,64.15	1,96,-4
India,76.35,21.4333	6,6,-10
India,76.6333,11.6667	1,10,-4
India,77.0,20.0	0,16,-7
India,78.5,23.5	3,7,-4
India,79.25,30.25	1,18,-5
India,88.3697,22.5697	1,42,-4
Indonesia,106.829,-6.17444	1,34,-5
Iran,50.6582,36.903	2,8,-4
Italy,12.8333,42.8333	4,5,-6
Japan,132.683,33.8833	0,280,-10
Kazakhstan,71.4278,51.1811	3,4,-5
Kenya,36.0667,-0.283333	1,10,-4
Kenya,36.8167,-1.28333	1,20,-6
Kenya,37.0728,0.016667	2,1,-10
Malawi,34.0,-13.5	3,9,-7
Malta,14.5147,35.8997	3,10,-6
Netherlands,4.91667,52.35	2,8,-5
Nigeria,5.08333,7.16667	2,2,-10
Norway,11.55,63.8	1,14,-4
Oceans,3.0,55.3333	3,3,-2
Peru,-77.05,-12.05	2,24,-10
Philippines,120.929,14.459	2,10,-4
Philippines,121.054,14.6069	4,6,-2
Philippines,122.0,13.0	2,4,-5
Philippines,122.564,10.6969	4,4,-2
Philippines,124.167,9.83333	1,28,-7
Romania,23.1333,46.3	3,5,-10
Russia,40.3966,56.1365	0,10,-6
Russia,47.0,43.0	0,2,-2
SaudiArabia,37.8602,31.1943	0,8,-10
SouthAfrica,31.5,-23.8333	0,116,-6
Spain,-17.8295,28.4989	1,15,-2
Spain,-4.0,40.0	1,37,-5
SriLanka,80.0137,9.6567	0,8,-10
Sweden,19.85,66.6	2,5,-2
Syria,38.0,35.0	2,41,-7
Thailand,103.5,15.2667	1,4,-2
Thailand,99.5186,15.7816	3,42,-6
TrinidadandTobago,-61.6133,10.2423	1,24,-5
Tunisia,10.1797,36.8028	0,20,-5
Turkey,32.8644,39.9272	4,30,-7
Turkey,35.6592,38.7918	1,11,-5
Turkey,44.2167,37.7667	1,154,-6
UnitedKingdom,-0.15,50.8333	3,10,-2
UnitedKingdom,-2.25,55.65	2,7,-10
UnitedKingdom,-3.4,52.8667	2,10,-2
UnitedStates,-105.232,39.8911	1,1,-4
UnitedStates,-107.209,42.7475	1,19,-3
UnitedStates,-108.771,38.7015	2,4,-10
UnitedStates,-115.311,35.3405	2,10,-4
UnitedStates,-117.122,38.4199	2,41,-4
UnitedStates,-118.775,34.1364	1,1,-2
UnitedStates,-119.343,45.9174	0,80,-4
UnitedStates,-119.47,35.4005	3,10,-4
UnitedStates,-119.746,36.17	2,155,-4
UnitedStates,-121.895,36.6002	2,15,-5
UnitedStates,-122.127,44.5672	2,56,-6
UnitedStates,-122.271,37.8044	1,2,-5
UnitedStates,-147.716,64.8378	0,18,-2
UnitedStates,-155.717,20.0833	2,2,-5
UnitedStates,-157.531,21.1098	2,2,-2
UnitedStates,-69.3977,44.6074	2,16,-2
UnitedStates,-71.3328,42.4998	3,4,-2
UnitedStates,-71.5314,42.2373	3,30,-5
UnitedStates,-71.7279,44.9264	2,10,-2
UnitedStates,-72.5898,42.1015	0,10,-5
UnitedStates,-72.7093,44.0407	2,20,-6
UnitedStates,-72.8579,42.1356	8,6,-4
UnitedStates,-73.9135,41.0112	1,10,-10
UnitedStates,-73.991,40.7079	2,4,-10
UnitedStates,-74.9163,41.1501	1,16,-4
UnitedStates,-74.9384,42.1497	3,132,-6
UnitedStates,-75.4685,35.5668	2,20,-5
UnitedStates,-76.583,38.5501	2,8,-10
UnitedStates,-76.7902,39.0724	2,42,-3
UnitedStates,-77.0262,38.8964	2,44,-9
UnitedStates,-77.0726,38.9073	2,4,-10
UnitedStates,-77.264,40.5773	1,68,-6
UnitedStates,-77.3039,39.1873	3,12,-2
UnitedStates,-79.3339,42.4795	3,4,-5
UnitedStates,-81.6954,41.4995	2,4,-6
UnitedStates,-81.717,27.8333	2,91,-6
UnitedStates,-81.9498,28.0395	2,4,-10
UnitedStates,-84.3352,37.8476	1,3,-4
UnitedStates,-84.8733,38.2009	1,60,-4
UnitedStates,-87.6501,41.85	1,61,-4
UnitedStates,-89.0022,40.3363	2,6,-3
UnitedStates,-89.3279,36.8259	1,3,-4
UnitedStates,-89.6385,44.2563	1,30,-5
UnitedStates,-90.1198,38.8137	2,10,-2
UnitedStates,-92.2896,34.7465	3,10,-5
UnitedStates,-92.302,38.4623	2,60,-2
UnitedStates,-93.214,42.0046	2,20,-6
UnitedStates,-93.9196,45.7326	2,8,-6
UnitedStates,-95.3633,29.7633	2,46,-6
UnitedStates,-96.9247,35.5376	1,10,-10
UnitedStates,-97.7942,32.4421	3,1,-4
UnitedStates,-98.5087,38.1833	1,10,-4
UnitedStates,-99.5359,39.9495	1,44,-5
Zimbabwe,31.0447,-17.8178	0,60,-10
