Algeria,2.4475,36.5897	0,2,-6
Argentina,-58.6725,-34.5875	0,40,-10
Argentina,-64.0,-34.0	1,21,-5
Argentina,-64.2615,-27.7951	1,2,-5
Armenia,44.5136,40.1811	1,6,-7
Australia,133.0,-27.0	1,80,-5
Australia,138.604,-34.9197	2,30,-10
Australia,146.088,-37.052	2,14,-5
Australia,146.833,-18.0	2,52,-8
Australia,150.0,-30.55	3,25,-5
Bangladesh,90.4086,23.7231	2,10,-2
Belize,-75.0,15.0	1,7,-10
Belize,-88.1333,17.45	1,16,-4
Bolivia,-65.0,-17.0	3,4,-7
Brazil,-40.3167,-13.6667	1,2,-2
Brazil,-68.5167,-10.65	2,20,-10
Bulgaria,23.3167,42.6833	0,10,-4
Canada,-111.633,57.1667	1,16,-5
Canada,-123.017,51.7167	0,10,-2
Canada,-66.3667,48.0667	1,4,-10
Canada,-67.3,45.1667	2,6,-4
Canada,-75.7,45.4167	2,66,-2
Canada,-79.4167,43.6667	1,22,-10
Canada,-82.0,42.4167	1,10,-10
Chile,-70.6667,-33.45	1,20,-6
Chile,-71.0,-30.0	3,20,-7
CostaRica,-82.6069,9.58991	1,14,-10
CostaRica,-82.7508,9.63551	0,4,-10
CostaRica,-83.5021,10.5414	2,10,-4
Denmark,9.76169,55.5758	1,2,-5
Ecuador,-75.4,-0.933333	2,30,-3
Estonia,26.0,59.0	0,4,-2
France,2.0,46.0	1,588,-3
France,7.16667,48.5	1,30,-10
Germany,8.25906,47.6956	0,22,-7
HongKong,114.15,22.2833	0,40,-10
HongKong,114.167,22.25	1,40,-7
India,74.8353,12.8639	2,10,-10
India,75.2667,13.1333	1,5,-2
India,77.1667,32.2667	1,2,-4
India,77.5833,12.9833	2,4,-2
India,78.1667,29.9667	1,2,-5
India,79.5,29.8333	1,7,-5
India,84.4167,20.5	1,4,-4
Indonesia,120.0,-5.0	1,9,-4
Iran,51.5148,35.75	1,1,-10
Iran,53.0,32.0	1,32,-5
Iran,56.8534,35.543	2,5,-8
Iran,59.3886,35.1826	0,3,-2
Ireland,-6.24889,53.3331	1,2,-9
Japan,135.75,35.0	2,12,-4
Japan,138.0,36.0	1,113,-4
Japan,139.751,35.685	0,20,-2
Kazakhstan,76.95,43.25	2,16,-5
Malaysia,114.0,1.0	1,104,-2
Malta,14.5833,35.8333	1,22,-4
Morocco,-6.83,34.02	0,10,-4
Myanmar,98.0,22.0	4,10,-4
Nepal,86.6667,27.2333	2,40,-5
NewZealand,168.0,-45.6667	2,20,-10
Nicaragua,-86.2683,12.1508	1,20,-2
NorthKorea,127.0,40.0	2,5,-5
Oceans,-175.0,-75.0	3,8,-4
Pakistan,68.7696,26.1346	1,10,-10
Pakistan,73.0889,33.6603	2,2,-2
Pakistan,73.1667,33.7	3,5,-7
Peru,-76.0,-10.0	0,16,-4
Philippines,118.735,9.73917	2,4,-10
Philippines,121.0,14.5833	2,2,-4
Philippines,121.75,17.5	1,5,-2
Philippines,125.613,7.07306	1,10,-2
Philippines,125.649,7.11	4,10,-5
Poland,20.0,52.0	1,10,-4
Russia,30.2642,59.8944	0,180,-5
Russia,33.4162,69.0689	0,10,-5
Russia,37.6156,55.7522	0,490,-6
Russia,42.0,65.0	1,14,-2
Russia,59.4833,54.2167	0,26,-6
Russia,88.1975,55.9244	1,10,-2
SouthAfrica,24.0,-29.0	1,21,-4
Sweden,15.0,62.0	1,22,-4
Switzerland,8.0,47.0	2,4,-2
Thailand,101.276,12.6685	4,10,-6
Thailand,98.9847,18.7904	1,20,-10
TrinidadandTobago,-61.7279,10.0972	2,5,-5
Turkey,28.9647,41.0186	1,189,-6
Turkey,35.0,39.0	3,14,-4
Turkey,37.2435,41.0118	2,12,-4
Ukraine,32.0,49.0	3,105,-3
UnitedKingdom,-0.116667,51.5	2,26,-5
UnitedKingdom,-0.848108,52.316	1,2,-10
UnitedKingdom,-2.0,54.0	1,123,-5
UnitedKingdom,-4.08333,53.0833	1,8,-10
UnitedKingdom,0.116667,52.2	3,5,-5
UnitedStates,-105.09,39.9936	2,36,-4
UnitedStates,-111.388,33.7712	4,8,-4
UnitedStates,-114.461,42.563	3,4,-2
UnitedStates,-118.244,34.0522	2,6,-5
UnitedStates,-118.293,36.5785	0,8,-2
UnitedStates,-119.901,38.0666	2,16,-6
UnitedStates,-119.973,39.2513	1,4,-4
UnitedStates,-120.66,35.2828	1,2,-4
UnitedStates,-122.419,37.7749	1,28,-4
UnitedStates,-122.48,37.8152	2,10,-10
UnitedStates,-122.676,45.5235	1,10,-6
UnitedStates,-122.942,38.0474	2,10,-2
UnitedStates,-123.034,37.7333	1,3,-10
UnitedStates,-149.514,60.9872	3,10,-4
UnitedStates,-157.858,21.3069	2,4,-5
UnitedStates,-67.4297,45.5634	2,4,-4
UnitedStates,-70.8773,42.8126	2,18,-9
UnitedStates,-72.7622,41.5834	3,11,-6
UnitedStates,-74.1724,40.7357	1,20,-10
UnitedStates,-75.4827,35.6838	1,100,-4
UnitedStates,-75.5148,39.3498	2,30,-2
UnitedStates,-75.5354,35.7749	2,8,-4
UnitedStates,-76.3888,38.3812	2,12,-10
UnitedStates,-77.9,34.3557	4,10,-2
UnitedStates,-80.1937,25.7743	1,23,-2
UnitedStates,-80.9066,33.8191	3,10,-10
UnitedStates,-81.3715,35.3885	1,14,-3
UnitedStates,-81.3792,28.5383	2,10,-10
UnitedStates,-81.9332,37.8334	2,50,-2
UnitedStates,-85.2666,37.5501	1,20,-4
UnitedStates,-86.8073,32.799	2,22,-7
UnitedStates,-87.9065,43.0389	0,40,-5
UnitedStates,-89.6812,32.7673	1,4,-2
UnitedStates,-91.2057,30.6902	1,10,-4
UnitedStates,-91.8749,31.1801	1,35,-2
UnitedStates,-92.3809,34.9513	1,25,-8
UnitedStates,-93.2638,44.98	2,5,-10
UnitedStates,-93.9714,44.9058	2,4,-4
UnitedStates,-95.4002,29.8336	3,1,-4
UnitedStates,-96.8005,38.5111	1,24,-4
UnitedStates,-96.8067,32.7831	2,10,-2
UnitedStates,-97.0,38.0	1,206,-6
UnitedStates,-98.2883,41.1289	2,293,-8
UnitedStates,-99.0523,36.1909	3,10,-10
Uruguay,-55.225,-34.37	1,18,-2
Vietnam,105.917,10.25	1,5,-4
Vietnam,106.767,10.75	2,10,-4
Zimbabwe,26.4833,-18.3667	0,50,-8
Zimbabwe,26.5,-19.1667	0,10,-10
