Algeria,3.05056,36.7631	-5,4,-6
Argentina,-64.0,-34.0	0,1,-10
Australia,115.75,-32.05	4,20,-2
Australia,132.7,-12.1333	0,8,-10
Australia,133.0,-27.0	-2,264,-3
Australia,146.833,-18.0	-2,1017,-3
Australia,150.7,-35.1333	-1,10,-2
Australia,153.017,-27.5	-1,34,-6
Australia,153.033,-30.5	-3,8,-4
Austria,13.3333,47.3333	0,20,-2
Austria,13.8333,46.75	-2,2,-10
Austria,16.3667,48.2	-2,14,-9
Bahamas,-76.0,24.25	1,2,-6
Bangladesh,90.0,24.0	1,150,-3
Bangladesh,90.4086,23.7231	-3,30,-5
Belize,-88.75,17.25	0,6,-2
Bermuda,-64.75,32.3333	1,4,-2
Botswana,25.15,-17.8167	-8,10,-2
Botswana,25.6667,-20.6667	-2,6,-2
Brazil,-43.4167,-20.2333	-6,10,-2
Brazil,-46.2167,-1.6	-4,68,-10
Bulgaria,23.3167,42.6833	0,22,-3
BurkinaFaso,-2.0,13.0	-4,20,-4
Canada,-103.0,54.5	-2,144,-2
Canada,-128.533,52.5833	1,3,-10
Canada,-59.7833,45.95	0,78,-10
Canada,-63.1333,56.65	0,2,-2
Canada,-63.5,46.3333	-1,150,-2
Canada,-75.7,45.4167	-1,169,-3
Canada,-79.4167,43.6667	-2,141,-4
Canada,-81.0,42.0	-1,4,-7
Canada,-83.1333,42.0833	-2,6,-2
Chad,20.7509,16.6836	-2,1,-6
Chile,-72.9617,-41.3983	0,3,-10
Chile,-74.0,-48.0	0,6,-10
China,106.268,31.3481	-2,50,-2
China,110.167,21.2597	2,4,-2
China,121.141,31.7867	-3,10,-4
CostaRica,-82.6069,9.58991	0,10,-10
CostaRica,-82.7533,9.65597	0,12,-8
Denmark,10.0,57.3333	0,10,-2
Denmark,12.5833,55.6667	0,376,-4
France,-1.70904,47.3805	-3,6,-10
France,2.0,46.0	-3,126,-5
France,2.8971,42.6962	0,4,-2
France,5.86085,45.6476	-5,3,-5
Germany,11.5833,48.15	-3,66,-5
Ghana,-2.0,8.0	-1,20,-2
Gibraltar,-5.43333,36.15	0,10,-2
Greece,22.0,39.0	-5,48,-2
Greece,22.3333,37.3	0,5,-10
Guatemala,-89.1333,15.4	0,129,-9
Guatemala,-90.25,15.5	-1,2,-10
HongKong,114.167,22.25	1,27,-6
India,72.8106,18.9069	0,27,-4
India,73.15,21.0167	-7,18,-4
India,73.4667,20.9167	1,10,-5
India,77.2,28.6	-7,27,-3
India,77.5833,12.9833	-4,7,-4
India,77.8833,29.8667	-1,58,-2
India,78.05,27.1667	-4,9,-5
India,78.4744,17.3753	0,14,-6
India,79.9667,14.4333	-2,10,-2
India,81.8833,25.5	-3,83,-7
India,95.65,27.35	-1,10,-5
Indonesia,100.434,-1.24718	-1,2,-2
Indonesia,102.517,-1.1	-4,10,-4
Indonesia,120.0,-5.0	-1,29,-4
Iraq,44.0,33.0	-2,11,-4
IsleofMan,-4.48333,54.15	-2,10,-4
Israel,35.5575,31.7633	0,20,-2
Japan,135.75,35.0	-2,3,-2
Japan,138.0,36.0	0,44,-5
Japan,139.751,35.685	-1,74,-4
Kazakhstan,65.5092,44.8528	1,4,-2
Kazakhstan,76.95,43.25	1,6,-2
Kazakhstan,79.55,46.8167	4,1,-4
Kenya,39.8034,-3.0092	-2,9,-4
Kenya,40.8991,-2.26925	3,10,-5
Kyrgyzstan,80.0,42.0	-2,10,-10
Lebanon,35.5324,33.6504	-3,9,-4
Lebanon,35.7991,34.1252	-6,2,-4
Libya,17.0,25.0	-2,13,-3
Madagascar,48.9665,-14.021	0,7,-5
Malta,14.3622,35.9564	2,10,-5
Malta,14.5833,35.8333	-1,17,-4
Mexico,-103.333,20.6667	-5,18,-10
Mexico,-105.197,24.5242	2,2,-10
Mexico,-105.433,21.6	-5,12,-10
Myanmar,97.5,26.0	3,5,-2
Namibia,17.0,-22.0	-3,17,-7
Namibia,17.0836,-22.57	2,10,-10
Netherlands,5.66756,51.9733	0,4,-4
Nigeria,6.26417,4.92472	0,8,-6
Nigeria,6.65471,4.37941	0,6,-2
Nigeria,7.53333,9.08333	-4,14,-6
Nigeria,8.25082,11.4148	-3,3,-10
Oman,57.0,21.0	1,10,-10
Pakistan,73.1667,33.7	0,5,-5
Peru,-76.0,-10.0	-2,8,-2
Philippines,121.0,14.5833	0,2,-4
Russia,109.0,53.0	1,38,-2
Russia,37.6156,55.7522	0,118,-3
Russia,40.2333,52.3167	-4,4,-7
Rwanda,30.0,-2.0	-1,94,-4
Singapore,103.8,1.3667	0,34,-7
SouthAfrica,24.0,-29.0	-4,49,-5
SouthAfrica,28.0833,-26.2	-5,802,-5
SouthAfrica,28.25,-26.0833	-8,40,-5
SouthAfrica,32.054,-28.7754	-4,3,-2
SouthKorea,127.0,37.5664	-3,3,-10
SriLanka,81.6924,7.7102	-6,8,-10
Swaziland,31.5,-26.5	0,1,-4
Switzerland,8.0,47.0	-5,20,-10
Tanzania,33.45,-8.9	-8,120,-2
Tanzania,35.9333,-3.6	-2,3,-5
Tanzania,37.5,-9.0	-2,10,-2
Thailand,100.084,20.3527	-2,348,-4
Thailand,100.517,13.75	-4,212,-6
Thailand,102.1,15.0333	-5,5,-10
Thailand,104.215,17.9651	-2,2,-10
Turkey,28.9647,41.0186	0,8,-2
Turkey,32.873,39.9455	-13,2,-2
Turkey,35.0,39.0	1,12,-2
Turkmenistan,53.8385,38.0704	0,8,-2
UnitedArabEmirates,54.0,24.0	0,3,-10
UnitedKingdom,-0.116667,51.5	-1,186,-6
UnitedKingdom,-2.0,54.0	0,192,-5
UnitedKingdom,-5.5,54.3667	0,6,-4
UnitedKingdom,0.116667,52.2	-1,60,-5
UnitedStates,-107.913,40.0394	-2,320,-5
UnitedStates,-108.084,40.65	0,10,-5
UnitedStates,-108.151,35.6781	0,5,-4
UnitedStates,-110.872,37.2894	3,1,-2
UnitedStates,-111.388,33.7712	0,41,-8
UnitedStates,-114.461,42.563	-3,2,-2
UnitedStates,-115.439,43.3121	-3,2,-2
UnitedStates,-117.157,32.7153	0,6,-4
UnitedStates,-117.919,33.6411	-4,14,-4
UnitedStates,-118.244,34.0522	0,9,-4
UnitedStates,-118.259,34.09	-2,10,-10
UnitedStates,-118.293,36.5785	-3,9,-4
UnitedStates,-118.408,48.8885	-2,5,-2
UnitedStates,-119.901,38.0666	-6,4,-4
UnitedStates,-120.189,36.6066	-5,10,-4
UnitedStates,-121.372,38.4088	-4,2,-4
UnitedStates,-121.851,38.0666	-2,4,-10
UnitedStates,-121.868,37.9833	-6,8,-2
UnitedStates,-122.273,37.8716	-2,50,-5
UnitedStates,-122.332,47.6062	-1,28,-7
UnitedStates,-122.419,37.7749	0,134,-6
UnitedStates,-122.676,45.5235	0,59,-4
UnitedStates,-122.784,39.0999	-4,5,-6
UnitedStates,-149.9,61.2181	-2,1,-2
UnitedStates,-157.858,21.3069	-2,65,-5
UnitedStates,-66.335,18.2766	-1,5,-2
UnitedStates,-70.0328,41.7001	-1,2,-10
UnitedStates,-70.5931,42.6486	0,5,-2
UnitedStates,-70.7906,44.9548	0,3,-4
UnitedStates,-70.9111,41.8932	0,2,-2
UnitedStates,-72.5579,42.8509	3,1,-5
UnitedStates,-72.5829,42.5834	0,2,-10
UnitedStates,-73.5104,42.357	0,28,-10
UnitedStates,-73.8553,40.8472	-2,4,-6
UnitedStates,-73.9737,40.7809	1,5,-2
UnitedStates,-74.0879,40.8457	3,5,-4
UnitedStates,-74.5496,40.5668	0,24,-2
UnitedStates,-74.6454,40.6807	0,6,-2
UnitedStates,-74.7429,40.2171	-6,20,-4
UnitedStates,-75.5148,39.3498	-2,138,-4
UnitedStates,-76.2719,39.039	-2,5,-10
UnitedStates,-76.6122,39.2904	-4,20,-4
UnitedStates,-79.0289,35.5749	0,7,-2
UnitedStates,-80.0517,35.3618	-2,2,-2
UnitedStates,-80.0848,32.6082	-3,10,-10
UnitedStates,-80.1873,40.2626	-5,4,-2
UnitedStates,-80.1937,25.7743	0,100,-6
UnitedStates,-80.3814,25.2404	-3,10,-10
UnitedStates,-80.9066,33.8191	0,32,-6
UnitedStates,-81.6376,29.6486	-2,8,-2
UnitedStates,-82.0004,33.0668	0,5,-2
UnitedStates,-82.2073,31.9616	-3,12,-2
UnitedStates,-82.3304,28.8358	-2,12,-2
UnitedStates,-82.6773,27.4961	0,8,-2
UnitedStates,-82.9988,39.9612	-2,506,-2
UnitedStates,-83.2785,30.8327	-2,2,-2
UnitedStates,-84.2918,30.4408	-3,3,-2
UnitedStates,-84.7647,44.3147	-5,10,-10
UnitedStates,-87.1014,32.3168	-2,7,-2
UnitedStates,-87.8501,42.3092	-1,3,-5
UnitedStates,-89.6812,32.7673	0,44,-9
UnitedStates,-91.8749,31.1801	0,24,-3
UnitedStates,-92.1066,46.7833	1,36,-4
UnitedStates,-92.3809,34.9513	0,97,-7
UnitedStates,-93.2638,44.98	-3,1051,-10
UnitedStates,-93.4708,44.8547	-3,4,-10
UnitedStates,-93.6519,41.6014	-3,1,-2
UnitedStates,-95.2477,38.9581	0,2,-4
UnitedStates,-96.8067,32.7831	-3,209,-6
UnitedStates,-97.0,38.0	-2,1596,-7
UnitedStates,-97.9914,36.5631	-5,10,-4
UnitedStates,-98.2883,41.1289	-1,35,-3
UnitedStates,-99.793,47.5362	0,382,-7
Uruguay,-55.225,-34.37	-1,2,-2
Uzbekistan,72.1833,41.0333	-5,8,-2
Vietnam,106.283,17.6	0,10,-2
Zambia,23.1047,-13.5432	-7,2,-2
Zimbabwe,26.4833,-18.3667	-5,272,-9
Zimbabwe,26.8667,-17.9833	-3,8,-10
Zimbabwe,27.1217,-18.9106	-3,7198,-8
Zimbabwe,28.8,-16.5167	-9,2,-10
Zimbabwe,30.0,-20.0	-4,722,-7
Zimbabwe,30.8277,-20.0637	-4,10,-4
