Angola,16.9333,-12.3833	-3,60,-4
Angola,18.5,-12.5	-3,6,-2
Antarctica,32.3438,-85.6221	0,4,-2
Argentina,-63.1655,-36.2658	-5,2,-2
Australia,118.3,-21.25	-1,10,-10
Australia,145.56,-42.98	-1,1,-6
Australia,145.717,-42.5667	-2,52,-5
Australia,146.011,-17.5758	0,10,-10
Australia,147.2,-36.554	0,10,-2
Australia,147.392,-41.0005	0,20,-4
Australia,148.067,-19.8833	0,180,-7
Australia,151.263,-33.8747	1,8,-10
Belgium,4.0,50.8333	-6,8,-2
Bolivia,-68.15,-16.5	-2,2,-2
Botswana,24.0,-22.0	-3,3,-5
Brazil,-37.55,-7.58333	-7,10,-2
Brazil,-47.9167,-15.7833	-6,2,-10
Brazil,-72.7833,-8.96667	-5,10,-2
Cambodia,105.0,13.0	1,10,-5
Canada,-108.5,59.55	-4,3,-10
Canada,-120.233,55.7667	-4,24,-4
Canada,-123.133,49.25	0,167,-4
Canada,-123.417,48.4333	-5,10,-2
Canada,-123.467,48.8167	0,2,-10
Canada,-128.7,54.0	-1,114,-6
Canada,-135.3,65.8167	0,16,-10
Canada,-65.5167,45.7167	1,24,-4
Canada,-73.5833,45.5	-1,10,-10
Canada,-80.9667,46.5	0,3,-2
Canada,-95.0,60.0	-1,323,-4
Canada,-97.1667,49.8833	-1,90,-2
Canada,-97.7167,52.15	-3,14,-2
CaymanIslands,-80.6667,19.5	-2,10,-2
China,105.0,35.0	-1,549,-4
China,106.075,25.8083	3,1,-10
China,90.0,32.0	3,4,-10
CostaRica,-82.7833,9.6	-1,4,-10
CostaRica,-84.0,10.0	-2,232,-8
CostaRica,-84.8388,9.97615	-2,10,-10
CostaRica,-87.0667,5.53333	-5,18,-8
CzechRepublic,14.4003,49.9952	-1,2,-2
DominicanRepublic,-69.8167,19.2167	-3,2,-5
Ecuador,-79.9,-2.16667	-1,5,-4
France,4.84511,43.3329	-2,24,-10
France,5.73333,45.6333	-2,323,-4
Germany,11.7333,48.4	-3,10,-2
Germany,13.4,52.5167	-3,42,-8
Germany,7.1,50.7333	-2,25,-3
Honduras,-86.5,15.0	-7,15,-10
Honduras,-87.55,13.7833	1,20,-10
Honduras,-89.1167,14.6	-3,8,-10
HongKong,113.941,22.2614	-2,46,-2
Iceland,-18.0,65.0	0,2,-4
India,71.1833,23.0167	-7,4,-9
India,71.6833,22.7	-7,3,-9
India,72.8258,18.975	-1,104,-3
India,75.0,14.0	-2,5,-2
India,76.3167,32.2167	-3,16,-5
India,77.2167,28.6667	-5,271,-3
India,77.55,28.5667	-1,3,-10
India,80.2833,13.0833	-5,18,-3
India,95.7,28.7	0,5,-5
Indonesia,106.55,-5.6	-1,10,-5
Indonesia,107.917,-2.83333	0,60,-10
Indonesia,95.5312,5.3672	-6,10,-4
Ireland,-8.0,53.0	-2,24,-6
Israel,34.75,31.5	-1,36,-6
Italy,12.4833,41.9	-2,19,-5
Italy,9.2,45.4667	-2,3,-10
Japan,135.95,33.5833	-3,54,-2
Jersey,-2.12585,49.1961	0,38,-2
Kenya,34.8167,-0.65	3,4,-10
Kenya,35.7167,-0.166667	0,10,-2
Kenya,36.2969,-0.836398	4,20,-10
Kenya,38.0,1.0	-2,92,-5
Kenya,38.1494,-3.00291	-1,4,-5
Kenya,40.0713,-3.03566	-1,1,-4
Lebanon,35.5097,33.8719	-6,58,-4
Luxembourg,6.11417,49.8486	-4,10,-2
Luxembourg,6.1667,49.75	0,55,-4
Madagascar,47.0,-20.0	1,10,-4
Madagascar,47.5167,-18.9167	1,40,-4
Malaysia,100.883,4.4	0,20,-2
Malaysia,101.7,3.16667	-1,5,-5
Malaysia,112.5,2.5	-1,40,-10
Mexico,-93.7833,16.4167	-4,10,-2
Nepal,84.5,27.5833	4,6,-10
Nepal,85.3167,27.7167	0,6,-5
Netherlands,5.75,52.5	-1,401,-4
NewZealand,174.0,-41.0	-2,12,-6
Nigeria,8.0,10.0	-3,20,-3
Norway,10.0,62.0	2,10,-6
Panama,-81.8333,8.73333	1,10,-5
Peru,-72.1031,-16.9978	-3,4,-4
Peru,-79.5156,-7.45611	-7,46,-10
Peru,-79.7081,-5.15389	-3,2,-4
Philippines,120.55,16.45	-4,75,-6
Philippines,121.417,14.4622	-1,4,-9
Philippines,123.4,8.63333	-4,26,-8
Philippines,123.417,10.4833	-1,21,-5
Philippines,124.487,11.3697	-1,10,-5
Philippines,124.995,12.6395	0,10,-4
PuertoRico,-66.4838,18.2359	0,16,-10
Russia,100.0,60.0	0,28,-4
Russia,50.15,53.2	0,2,-2
Rwanda,29.5624,-2.6257	-4,10,-10
SouthAfrica,18.2728,-32.9002	-5,7,-10
SouthAfrica,29.5667,-25.0167	-4,10,-5
SouthKorea,128.621,38.0739	-1,20,-2
SriLanka,80.6356,7.2955	-3,1,-5
Switzerland,9.38333,47.3	-2,10,-4
Taiwan,121.0,23.5	-3,162,-2
Tanzania,29.85,-5.21667	-2,4,-10
Tanzania,39.2833,-6.8	-6,439,-3
Thailand,100.0,15.0	-1,283,-7
Thailand,103.652,18.363	1,10,-10
Thailand,104.147,17.1612	-1,4,-10
Turkmenistan,58.3833,37.95	4,2,-4
Ukraine,30.5167,50.4333	-5,7,-2
UnitedArabEmirates,52.6013,24.3259	1,220,-10
UnitedKingdom,-0.45,51.4667	-2,448,-2
UnitedKingdom,-0.8,54.2	-5,10,-5
UnitedKingdom,-2.21667,53.5	-2,10,-4
UnitedKingdom,-3.0,55.15	-6,10,-10
UnitedKingdom,-3.2,55.95	-2,15,-3
UnitedKingdom,-5.93333,54.5833	0,6,-10
UnitedKingdom,-6.0,54.6667	-3,4,-2
UnitedKingdom,-6.5,54.5	4,18,-2
UnitedStates,-104.821,38.8339	-6,60,-6
UnitedStates,-104.985,39.7392	-1,32,-6
UnitedStates,-105.327,39.0646	-2,84,-5
UnitedStates,-105.551,44.2505	-3,12,-2
UnitedStates,-106.598,37.7258	-2,4,-2
UnitedStates,-106.651,35.0845	-1,20,-2
UnitedStates,-108.826,31.9998	-5,10,-2
UnitedStates,-110.326,46.9048	0,412,-3
UnitedStates,-111.827,41.3333	-2,4,-5
UnitedStates,-111.854,40.1135	0,106,-3
UnitedStates,-112.074,33.4484	-5,3,-4
UnitedStates,-113.994,46.8721	0,2,-4
UnitedStates,-114.51,44.2394	1,25,-7
UnitedStates,-115.137,36.175	0,4,-2
UnitedStates,-115.501,41.0002	-3,354,-10
UnitedStates,-116.168,34.6667	-2,4,-10
UnitedStates,-116.801,33.0334	0,2,-4
UnitedStates,-118.438,34.7044	-2,20,-3
UnitedStates,-118.68,46.3904	2,2,-2
UnitedStates,-118.932,34.1203	2,50,-4
UnitedStates,-119.682,34.0186	-3,9,-2
UnitedStates,-119.828,34.4358	-4,135,-10
UnitedStates,-119.834,36.6666	-2,6,-2
UnitedStates,-120.001,34.25	-1,12,-2
UnitedStates,-120.019,38.1681	-6,6,-4
UnitedStates,-120.034,34.7333	-2,11,-3
UnitedStates,-120.382,36.7536	-1,2,-10
UnitedStates,-121.216,37.7974	-4,1,-10
UnitedStates,-121.494,38.5816	-2,48,-7
UnitedStates,-121.521,38.5191	-2,4,-10
UnitedStates,-121.681,36.655	-1,1,-4
UnitedStates,-121.785,48.4665	-2,2,-6
UnitedStates,-121.884,37.5999	-6,113,-2
UnitedStates,-122.613,48.5126	-2,8,-6
UnitedStates,-122.709,42.1946	2,30,-5
UnitedStates,-123.656,41.7832	-4,2,-10
UnitedStates,-123.924,46.1651	1,8,-4
UnitedStates,-124.038,41.5265	-2,50,-10
UnitedStates,-124.113,46.9084	0,2,-9
UnitedStates,-124.218,43.3665	1,40,-4
UnitedStates,-152.268,61.385	-1,396,-4
UnitedStates,-156.311,20.9228	-2,10,-6
UnitedStates,-67.3103,44.5723	-7,10,-5
UnitedStates,-71.0598,42.3584	-4,8,-10
UnitedStates,-71.3495,42.2834	0,8,-10
UnitedStates,-71.5101,41.6772	0,8,-5
UnitedStates,-71.5653,43.4108	1,468,-4
UnitedStates,-73.1134,41.2182	-4,4,-4
UnitedStates,-73.9465,41.2745	-4,2,-10
UnitedStates,-73.9662,40.7834	-2,7,-10
UnitedStates,-74.4999,40.1671	3,8,-5
UnitedStates,-74.5089,40.314	0,93,-5
UnitedStates,-74.7829,41.7001	4,28,-5
UnitedStates,-76.013,36.8421	0,1,-2
UnitedStates,-76.4436,36.9415	-2,39,-8
UnitedStates,-77.0178,38.8773	0,56,-3
UnitedStates,-77.0364,38.8951	-1,1420,-5
UnitedStates,-77.4603,37.5538	4,1,-5
UnitedStates,-77.483,38.7001	-2,6,-4
UnitedStates,-78.2057,37.768	0,106,-3
UnitedStates,-79.8431,35.6411	-1,185,-4
UnitedStates,-80.4456,37.8018	0,6,-4
UnitedStates,-80.4831,26.1504	-1,280,-10
UnitedStates,-80.9696,38.468	-1,17,-5
UnitedStates,-81.3084,40.3234	0,4,-2
UnitedStates,-81.7184,25.9412	-4,1,-10
UnitedStates,-81.859,26.4251	-5,10,-9
UnitedStates,-82.7755,40.3736	-4,107,-6
UnitedStates,-84.5163,39.1314	-7,1,-10
UnitedStates,-84.5603,43.3504	-2,19,-5
UnitedStates,-86.2604,39.8647	-3,10,-2
UnitedStates,-89.2503,29.1669	0,18,-2
UnitedStates,-89.9367,29.1869	-3,7,-2
UnitedStates,-90.0751,29.9546	0,7,-2
UnitedStates,-93.0551,48.4802	1,6,-4
UnitedStates,-93.2983,44.8408	-4,238,-10
UnitedStates,-93.6091,41.6005	-2,10,-3
UnitedStates,-97.1331,33.2148	-5,6,-5
UnitedStates,-97.6475,31.106	-1,505,-5
UnitedStates,0.0,0.0	0,71,-4
Venezuela,-66.0,8.0	-2,10,-4
Vietnam,106.0,16.0	0,122,-6
Zambia,24.0833,-14.0333	-6,28,-2
Zambia,30.0,-15.0	0,10,-6
Zimbabwe,29.9841,-16.5272	-5,30,-6
Zimbabwe,30.864,-16.4315	-2,4,-10
Zimbabwe,31.5312,-17.7119	0,14,-10
Zimbabwe,31.6605,-19.9735	-5,21,-10
