,0.0,0.0	4,674,-5
Australia,133.0,-27.0	5,259,-5
Australia,149.166,-21.1535	5,9,-10
Australia,150.064,-36.419	6,5,-2
Australia,151.117,-29.9333	6,4,-2
Australia,152.658,-26.1892	4,14,-10
Australia,153.017,-27.5	4,1,-10
Australia,153.517,-28.6167	5,9,-10
Austria,13.3333,47.3333	5,9,-4
Belize,-88.75,17.25	3,18,-5
Brazil,-40.3167,-13.6667	4,48,-10
Brazil,-40.8833,-12.4667	6,8,-7
Brazil,-43.8333,-19.7167	3,5,-10
Bulgaria,23.3167,42.6833	4,14,-10
Canada,-111.3,52.6833	7,9,-2
Canada,-75.7,45.4167	4,19,-4
Canada,-79.4167,43.6667	5,19,-2
Canada,-81.1333,44.0833	6,2,-10
Canada,-82.4,42.9667	3,2,-10
Chile,-70.6667,-33.45	4,237,-3
China,111.912,27.2022	6,9,-4
China,116.656,36.8083	7,54,-2
CzechRepublic,13.6331,48.9769	2,28,-6
Denmark,12.5833,55.6667	6,18,-4
Ethiopia,38.0,8.0	6,9,-5
Finland,26.05,63.3833	4,9,-2
France,2.0,46.0	2,56,-10
Ghana,-2.0,8.0	5,21,-10
Greenland,-51.75,64.1833	6,2,-2
India,77.5833,12.9833	5,9,-5
India,80.6167,22.2833	4,13,-6
Indonesia,110.004,-7.49167	5,34,-5
Indonesia,120.0,-5.0	3,9,-9
Iran,46.9923,35.3144	1,4,-5
Iran,50.2055,30.6693	6,3,-5
Iran,53.0,32.0	4,36,-2
Iraq,44.0,33.0	5,3,-5
Ireland,-6.24889,53.3331	3,1,-2
Israel,34.3333,31.4167	6,6,-2
Japan,128.026,26.5206	3,18,-2
Japan,130.95,33.95	5,227,-4
Japan,135.75,35.0	6,27,-4
Japan,138.0,36.0	4,264,-6
Japan,139.751,35.685	4,211,-3
Japan,140.708,38.1689	5,9,-4
Japan,141.267,43.05	4,2,-2
Jordan,35.0078,29.5267	6,9,-2
Jordan,36.208,32.3429	2,2,-7
Lebanon,35.6633,34.2789	5,5,-5
Libya,17.0,25.0	3,84,-8
Malaysia,101.973,5.156	7,4,-5
Malaysia,114.0,1.0	5,3,-4
Mexico,-97.45,15.9833	6,10,-4
Mexico,-99.0,17.5833	2,4,-9
Myanmar,97.5,25.7	4,2,-5
Myanmar,97.5,26.0	6,36,-2
Nepal,82.0732,29.5491	4,7,-5
Nepal,82.5154,29.7302	4,2,-5
NewZealand,169.117,-43.8	4,4,-5
NewZealand,173.5,-41.75	6,3,-4
NewZealand,178.133,-37.7667	6,9,-7
Nicaragua,-83.698,10.9389	3,14,-2
Oceans,-90.0,25.0	4,4,-4
Oceans,20.0,35.0	4,5,-2
Oceans,80.0,76.0	5,9,-2
Pakistan,71.5733,34.0078	5,5,-2
Pakistan,73.1667,33.7	6,3,-2
Panama,-80.2333,8.56667	2,9,-6
Philippines,121.846,13.9427	6,3,-5
Philippines,122.267,16.5167	4,6,-4
Philippines,123.733,13.1333	10,2,-10
Poland,20.0,52.0	2,17,-3
Portugal,-9.13333,38.7167	7,1,-4
Romania,23.1167,46.2833	5,4,-2
Russia,30.2642,59.8944	4,66,-2
Russia,37.4297,55.897	1,5,-5
Russia,37.6156,55.7522	3,65,-5
Russia,38.0848,44.5622	0,6,-5
Rwanda,29.6333,-1.38333	4,7,-10
Senegal,-17.6339,14.7367	3,4,-2
Singapore,103.8,1.3667	7,3,-5
SouthAfrica,24.0,-29.0	3,5,-4
SouthAfrica,28.0833,-26.2	3,61,-3
SouthKorea,127.0,37.5664	4,5,-2
SouthSudan,30.0,8.0	3,5,-2
SriLanka,80.2467,6.7115	4,4,-4
SriLanka,80.6069,5.93194	3,10,-2
Sweden,15.0,62.0	4,12,-3
Switzerland,8.0,47.0	5,9,-4
Thailand,100.517,13.75	5,21,-10
Tunisia,9.0,34.0	3,41,-7
Turkey,35.0,39.0	3,2,-2
Uganda,31.8006,1.20062	7,2,-4
UnitedKingdom,-0.116667,51.5	4,93,-4
UnitedKingdom,-2.0,54.0	4,171,-6
UnitedKingdom,-4.97083,51.8017	2,12,-10
UnitedKingdom,0.083333,52.3333	8,9,-4
UnitedStates,-101.339,36.1259	4,4,-2
UnitedStates,-101.501,42.0003	4,9,-10
UnitedStates,-105.36,43.4852	2,27,-4
UnitedStates,-105.887,32.408	6,9,-10
UnitedStates,-106.237,34.8375	4,86,-5
UnitedStates,-109.538,35.1242	4,9,-4
UnitedStates,-111.388,33.7712	4,32,-8
UnitedStates,-111.505,35.1667	4,20,-10
UnitedStates,-111.891,40.7608	3,28,-5
UnitedStates,-112.691,39.1559	3,116,-6
UnitedStates,-114.081,46.7588	4,36,-10
UnitedStates,-117.157,32.7153	3,13,-8
UnitedStates,-118.201,34.3667	3,4,-2
UnitedStates,-118.244,34.0522	5,18,-2
UnitedStates,-118.388,45.9326	4,7,-4
UnitedStates,-120.189,36.6066	6,7,-4
UnitedStates,-122.143,37.4419	6,9,-6
UnitedStates,-122.275,47.564	4,1,-4
UnitedStates,-122.419,37.7749	4,36,-5
UnitedStates,-157.858,21.3069	7,9,-4
UnitedStates,-69.6637,44.564	5,2,-2
UnitedStates,-71.5159,42.9465	7,27,-4
UnitedStates,-72.512,41.4773	4,18,-10
UnitedStates,-72.5431,41.5165	6,9,-5
UnitedStates,-72.7622,41.5834	6,9,-2
UnitedStates,-74.659,40.3487	9,3,-2
UnitedStates,-75.5148,39.3498	4,1,-2
UnitedStates,-76.4922,38.9784	2,7,-2
UnitedStates,-77.3411,38.9687	2,2,-2
UnitedStates,-80.1434,26.1223	2,8,-5
UnitedStates,-80.1937,25.7743	7,4,-2
UnitedStates,-80.3181,42.0003	6,5,-4
UnitedStates,-80.9066,33.8191	4,20,-2
UnitedStates,-80.9165,33.9696	5,9,-2
UnitedStates,-81.4601,39.199	4,23,-2
UnitedStates,-81.5071,40.5751	5,4,-2
UnitedStates,-81.6598,30.3119	10,4,-6
UnitedStates,-83.6746,37.5826	5,1,-2
UnitedStates,-85.7594,38.2542	5,3,-10
UnitedStates,-86.8073,32.799	7,7,-6
UnitedStates,-88.0198,44.5192	6,4,-2
UnitedStates,-88.9334,38.3	4,9,-5
UnitedStates,-89.6812,32.7673	5,34,-7
UnitedStates,-90.0287,30.0038	4,9,-2
UnitedStates,-91.5943,30.7385	5,9,-10
UnitedStates,-92.1066,46.7833	8,4,-2
UnitedStates,-92.3809,34.9513	4,11,-2
UnitedStates,-96.8005,38.5111	4,9,-2
UnitedStates,-96.8067,32.7831	5,36,-4
UnitedStates,-97.0,38.0	4,549,-4
UnitedStates,-97.3964,27.8006	8,9,-5
UnitedStates,-98.2883,41.1289	5,74,-6
UnitedStates,-98.4936,29.4241	6,9,-2
UnitedStates,-99.793,47.5362	4,1,-10
