Afghanistan,62.1997,34.3482	-1,60,7
Afghanistan,62.5,31.0	-1,4,7
Afghanistan,64.8333,36.25	-8,7,7
Afghanistan,64.9931,31.5819	2,2,7
Afghanistan,65.4096,32.5814	-3,5,7
Afghanistan,65.5944,32.6426	-3,2,7
Afghanistan,65.8333,36.8333	-3,10,7
Afghanistan,65.8992,33.8063	-1,3,7
Afghanistan,66.6325,32.9277	-5,6,7
Afghanistan,66.7913,35.8198	-4,6,7
Afghanistan,66.8972,36.7564	-3,26,7
Afghanistan,67.1122,36.7069	-4,20,7
Afghanistan,67.1741,35.8887	-2,4,7
Afghanistan,67.25,32.25	-9,10,7
Afghanistan,67.402,36.1718	-8,36,7
Afghanistan,67.7721,31.9422	-5,190,7
Afghanistan,68.3072,33.1085	-9,2,7
Afghanistan,68.385,33.5828	-3,5,7
Afghanistan,68.4225,33.5508	-6,12,7
Afghanistan,68.6175,34.1886	-2,1,7
Afghanistan,69.6038,35.0861	-7,10,7
Afghanistan,69.8167,33.803	-2,4,7
Afghanistan,70.4515,34.4265	-7,18,7
Afghanistan,71.082,34.131	-8,4,7
Albania,19.8189,41.3275	-4,242,7
Albania,20.0,41.0	-4,3206,7
Albania,20.0822,41.1125	-5,14,7
Algeria,1.86411,27.1173	-2,10,7
Angola,13.2344,-8.83833	-5,17,7
AntiguaandBarbuda,-61.8,17.05	-1,37,7
Argentina,-58.6725,-34.5875	0,476,7
Argentina,-63.8013,-22.5164	2,2,7
Argentina,-64.0,-34.0	0,493,7
Argentina,-64.1141,-32.173	-5,12,7
Argentina,-65.0564,-34.7811	-4,4,7
Armenia,44.5136,40.1811	-3,525,7
Armenia,45.1239,40.354	-3,6,7
Australia,114.154,-28.0124	2,3,7
Australia,115.045,-21.9956	-3,48,7
Australia,115.421,-30.9788	-5,4,7
Australia,115.879,-33.1446	0,60,7
Australia,116.017,-34.3833	1,2,7
Australia,133.0,-27.0	-3,10407,7
Australia,134.0,-20.0	-2,47,7
Australia,134.932,-12.3318	-6,62,7
Australia,137.5,-34.8667	-12,10,7
Australia,138.594,-34.9328	-11,24,7
Australia,142.163,-34.1855	-4,25,7
Australia,143.377,-31.5603	4,2,7
Australia,144.28,-36.7582	0,79,7
Australia,144.883,-37.7833	-5,20,7
Australia,145.067,-37.8167	2,8,7
Australia,145.833,-38.3833	-7,1,7
Australia,146.275,-38.3794	3,10,7
Australia,146.833,-18.0	-2,56,7
Australia,147.266,-42.6839	-1,84,7
Australia,147.333,-41.6333	-2,48,7
Australia,147.354,-35.1258	-3,5,7
Australia,148.333,-36.5	-2,15,7
Australia,148.87,-33.091	0,10,7
Australia,148.91,-34.8404	0,22,7
Australia,149.102,-35.325	0,12,7
Australia,149.152,-33.3993	2,6,7
Australia,150.258,-30.9806	-1,20,7
Australia,150.312,-33.713	3,4,7
Australia,150.5,-27.5	-4,26,7
Australia,150.876,-34.4068	-5,2,7
Australia,151.0,-33.7333	0,4,7
Australia,151.0,-33.8167	3,20,7
Australia,151.15,-34.05	-2,30,7
Australia,151.3,-33.7083	0,50,7
Australia,151.356,-32.8321	-5,6,7
Australia,151.417,-33.0667	0,4,7
Australia,152.874,-25.2905	0,7,7
Australia,153.017,-27.5	-1,1381,7
Australia,153.114,-30.2963	0,102,7
Australia,153.14,-25.9006	-1,140,7
Australia,153.167,-26.8167	-5,50,7
Australia,153.612,-28.642	-8,2,7
Austria,13.3333,47.3333	-3,6146,7
Austria,13.8333,46.75	-4,10,7
Austria,14.5167,48.2333	0,1,7
Austria,14.5333,46.6333	-3,4,7
Austria,15.6372,46.7056	-3,50,7
Austria,16.3667,48.2	-3,2721,7
Austria,16.7833,48.0167	-2,276,7
Azerbaijan,46.7903,39.913	-4,8,7
Azerbaijan,49.8822,40.3953	-3,237,7
Bahamas,-74.2167,22.75	-1,61,7
Bahamas,-75.4575,24.335	-1,6,7
Bahamas,-76.0,24.25	0,11,7
Bahrain,50.4733,26.2103	-9,6,7
Bahrain,50.5831,26.2361	-2,43,7
Bahrain,50.6206,26.1547	-6,9,7
Bangladesh,88.9022,25.3771	0,6,7
Bangladesh,89.0,25.1	-2,28,7
Bangladesh,89.1,24.9167	3,2,7
Bangladesh,89.8667,24.7833	1,5,7
Bangladesh,90.0,24.0	-4,4867,7
Bangladesh,90.2072,23.1753	0,8,7
Bangladesh,90.3167,23.9833	-2,2,7
Bangladesh,90.3254,22.2609	-2,10,7
Bangladesh,90.4086,23.7231	-2,1278,7
Bangladesh,90.5833,23.7333	-6,2,7
Bangladesh,90.9667,24.7333	-4,8,7
Bangladesh,91.0833,23.4667	-2,2,7
Bangladesh,91.3047,23.2536	-2,1,7
Bangladesh,92.1643,21.219	-4,104,7
Bangladesh,92.3708,20.7185	-5,3,7
Barbados,-59.5333,13.1667	0,17,7
Belgium,3.31714,51.2085	0,7,7
Belize,-88.75,17.25	-1,4,7
Bermuda,-64.75,32.3333	-2,57,7
Bhutan,89.6,27.4833	-2,35,7
Bhutan,89.8,26.3833	1,20,7
Bolivia,-63.1667,-17.8	-5,5,7
Bolivia,-65.0,-17.0	-1,32,7
Bolivia,-69.5833,-10.9333	-5,2,7
Brazil,-35.9333,-5.98333	-2,3,7
Brazil,-42.6,-22.8667	-11,10,7
Brazil,-43.4167,-20.2333	-4,10,7
Brazil,-60.6667,2.81667	2,8,7
BritishVirginIslands,-64.5,18.5	0,4,7
Brunei,115.0,15.0	-2,3,7
Bulgaria,23.3167,42.6833	-2,530,7
Bulgaria,24.3333,42.2	-7,6,7
Bulgaria,25.5667,41.7667	-7,8,7
Bulgaria,28.0167,43.2833	2,3,7
Bulgaria,28.1667,43.4167	0,8,7
BurkinaFaso,-1.67408,13.9541	-3,14,7
BurkinaFaso,-2.0,13.0	-2,92,7
Burundi,29.2409,-3.2684	-1,26,7
Burundi,29.2676,-3.1669	-8,1,7
Burundi,30.0628,-3.9714	-3,12,7
Burundi,30.2135,-3.9905	-7,1,7
Cambodia,104.667,12.25	-1,2,7
Cambodia,107.0,16.0	0,6,7
Cameroon,11.45,4.71667	-2,5,7
Cameroon,13.1,3.33333	-4,1,7
Cameroon,14.0115,11.1621	0,4,7
Cameroon,14.3159,10.5909	-5,88,7
Cameroon,8.5744,4.6694	-1,5,7
Canada,-102.383,52.85	0,4,7
Canada,-105.75,53.2	-1,61,7
Canada,-111.017,56.45	-1,2,7
Canada,-112.05,53.5	-2,48,7
Canada,-113.117,54.0333	0,2,7
Canada,-113.5,53.55	0,6,7
Canada,-113.867,52.1333	1,8,7
Canada,-114.017,51.2667	-5,5,7
Canada,-114.75,58.4	0,5,7
Canada,-118.25,56.0667	-3,6,7
Canada,-122.3,49.05	-1,161,7
Canada,-123.067,49.3167	0,46,7
Canada,-123.367,48.55	0,13,7
Canada,-124.933,49.6833	-6,1,7
Canada,-126.25,53.8	-3,4,7
Canada,-56.2833,50.5333	3,16,7
Canada,-57.9,48.9667	0,17,7
Canada,-58.4833,48.45	0,4,7
Canada,-59.7833,45.95	0,42,7
Canada,-60.75,46.1	0,2,7
Canada,-61.9667,45.6167	0,40,7
Canada,-62.6167,45.6167	-1,84,7
Canada,-63.2833,45.7167	0,56,7
Canada,-63.5,46.3333	-4,8,7
Canada,-63.7833,46.4	4,17,7
Canada,-63.9333,46.5667	2,7,7
Canada,-64.3667,45.0833	0,14,7
Canada,-64.85,44.6333	3,6,7
Canada,-64.9667,62.55	-1,8,7
Canada,-65.1667,44.9167	-3,3,7
Canada,-65.5,45.6667	-1,2,7
Canada,-66.0,45.8333	0,10,7
Canada,-66.3667,48.0667	-1,44,7
Canada,-73.7333,45.55	0,2,7
Canada,-74.0,45.1333	-10,202,7
Canada,-75.7,45.4167	-1,6064,7
Canada,-76.0167,44.9	-2,10,7
Canada,-76.4833,45.3667	1,7,7
Canada,-77.6167,53.7833	0,8,7
Canada,-78.9333,42.9	0,48,7
Canada,-78.9333,44.1	0,4,7
Canada,-79.2,43.75	0,5,7
Canada,-79.25,43.9667	-4,2,7
Canada,-79.3,45.0	0,40,7
Canada,-79.4167,43.6667	-1,7412,7
Canada,-79.7167,43.5833	2,3,7
Canada,-79.9333,44.7667	0,2,7
Canada,-80.25,43.55	0,4,7
Canada,-80.2667,43.1333	0,3,7
Canada,-80.5833,44.6	0,28,7
Canada,-80.7333,42.8667	-3,4,7
Canada,-80.85,44.5667	0,8,7
Canada,-81.0,42.0	-2,10,7
Canada,-82.0833,42.8333	2,20,7
Canada,-82.4,42.9667	0,10,7
Canada,-82.75,42.1667	8,8,7
Canada,-82.8167,42.1667	-3,25,7
CentralAfricanRepublic,14.9104,5.08361	-3,2,7
CentralAfricanRepublic,21.4,4.53333	-7,1,7
Chile,-70.6667,-33.45	-4,34,7
Chile,-70.8333,-33.1167	-1,8,7
Chile,-71.0,-30.0	0,141,7
China,102.766,24.8115	-2,2,7
China,103.792,36.0564	1,8,7
China,103.969,30.176	-7,2,7
China,104.067,30.6667	1,9,7
China,104.955,31.5475	0,2,7
China,107.977,30.3039	1,10,7
China,109.0,36.0	-2,16,7
China,109.563,18.1901	0,2,7
China,110.074,38.8194	0,6,7
China,110.554,21.1489	-5,127,7
China,111.777,37.2647	-2,6,7
China,112.0,44.0	0,27,7
China,112.552,22.478	2,2,7
China,113.25,23.1167	0,32,7
China,116.391,39.9044	-3,158,7
China,116.514,27.8859	-5,150,7
China,116.692,26.9512	0,2,7
China,117.177,39.1422	-4,50,7
China,117.278,33.5111	0,6,7
China,117.843,26.545	-1,35,7
China,120.0,29.0	-2,20,7
China,121.021,32.0434	0,2,7
China,121.141,31.7867	-4,40,7
China,121.602,38.9122	2,1,7
China,129.336,42.7683	1,34,7
China,81.2458,43.8811	-3,8,7
China,84.8601,45.6004	-5,3,7
China,93.603,31.403	-10,2,7
Colombia,-75.5361,6.29139	-2,38,7
Congo,12.1833,-3.21667	-9,8,7
CostaRica,-84.2116,10.0162	0,4,7
CostaRica,-85.0145,10.8979	-4,12,7
Croatia,15.5833,43.8167	-6,1,7
Croatia,15.7,45.8833	-1,4,7
Croatia,15.7092,44.8303	6,20,7
Croatia,16.5,46.4167	-5,242,7
Croatia,18.9997,45.3433	-3,20,7
Croatia,19.1519,45.165	-3,52,7
Cuba,-75.9597,20.1711	-6,8,7
Cuba,-77.2833,20.2	-4,4,7
Cuba,-78.2167,21.7333	-4,2,7
Cuba,-79.4425,21.9297	-2,812,7
Cuba,-79.55,21.9333	-3,1,7
Cuba,-79.7667,22.1667	2,10,7
Cuba,-80.3161,22.5933	-3,8,7
Cuba,-81.2514,23.1536	-2,8,7
Cuba,-81.3667,23.1167	-2,9,7
Cyprus,33.0333,34.675	-1,26,7
Cyprus,33.3292,35.125	-3,4,7
Cyprus,33.6292,34.9167	-2,114,7
Cyprus,33.9583,35.0667	-2,40,7
CzechRepublic,14.5667,48.6167	-4,20,7
CzechRepublic,15.5833,49.4	2,48,7
CzechRepublic,16.0,50.5	0,5,7
CzechRepublic,16.89,48.7577	-3,34,7
CzechRepublic,18.2553,49.8119	-2,7,7
Czechoslovakia,17.1167,48.15	-4,261,7
Czechoslovakia,18.4217,49.1215	6,30,7
Czechoslovakia,19.5,48.6667	-2,209,7
DemocraticRepublicoftheCongo,25.5369,0.135278	-2,20,7
DemocraticRepublicoftheCongo,28.0572,-1.41556	-5,2,7
DemocraticRepublicoftheCongo,28.8133,-1.39889	-5,6,7
DemocraticRepublicoftheCongo,29.1458,-3.40667	-1,10,7
DemocraticRepublicoftheCongo,29.9667,1.85	-2,18,7
Denmark,11.1284,54.8373	-1,20,7
Denmark,12.5833,55.6667	-1,937,7
Denmark,9.94116,57.0355	1,6,7
Denmark,9.9515,57.5881	-4,3,7
Denmark,9.98892,57.4663	-1,8,7
Djibouti,39.5,19.0	-6,25,7
Djibouti,43.2906,11.9631	-4,102,7
Dominica,-61.3333,15.4167	-1,5,7
DominicanRepublic,-71.0,19.0	-4,8,7
EastTimor,126.321,-8.73308	0,36,7
Ecuador,-75.4333,-0.85	1,6,7
Egypt,25.1579,31.5537	-8,3,7
Egypt,30.75,27.4167	-8,10,7
Egypt,31.2326,30.0433	-2,10,7
Egypt,31.2859,30.0771	-7,2,7
Egypt,31.3807,31.0364	0,5,7
ElSalvador,-88.1167,13.9	-3,1,7
ElSalvador,-88.55,13.2833	-1,20,7
ElSalvador,-89.1094,13.7017	-6,16,7
ElSalvador,-89.2031,13.7086	-2,5,7
Eritrea,37.8031,14.7275	-3,8,7
Eritrea,38.9333,15.3333	-4,47,7
Eritrea,39.0,15.0	-3,1348,7
Eritrea,39.0994,14.8053	-5,56,7
Eritrea,39.4292,14.6983	-3,54,7
Eritrea,42.7394,13.0092	-7,22,7
Estonia,24.5872,59.4172	1,10,7
Estonia,24.7281,59.4339	-2,67,7
Estonia,26.0,59.0	-2,316,7
Estonia,26.0453,57.7744	0,50,7
Estonia,26.7361,58.3661	-1,14,7
Ethiopia,37.3333,12.0	0,6,7
Ethiopia,37.4667,12.6	0,43,7
Ethiopia,37.8833,7.23333	-2,6,7
Ethiopia,38.0,8.0	-2,6152,7
Ethiopia,38.7,9.03333	0,37,7
Ethiopia,39.0833,3.56917	-5,40,7
Ethiopia,39.479,13.5553	-2,7,7
Ethiopia,39.5,13.5	0,12,7
Ethiopia,39.7333,11.8667	-4,8,7
Ethiopia,45.0,8.0	-4,20,7
Ethiopia,45.0833,6.91667	0,4,7
Fiji,178.0,-18.0	4,1,7
Fiji,178.867,-16.85	4,4,7
Finland,23.0,61.05	-7,531,7
Finland,24.9333,64.2833	-1,25,7
Finland,25.0667,60.3667	-1,10,7
Finland,26.0833,62.1	-5,10,7
Finland,27.1333,62.6167	-3,10,7
France,-0.6,45.0333	-2,24,7
France,-1.6155,49.64	-4,6,7
France,0.083333,43.2333	-3,5,7
France,1.58628,50.5931	-2,5,7
France,2.0,46.0	-3,9569,7
France,2.03333,49.0	-4,10,7
France,2.04305,49.8707	-5,8,7
France,2.41077,48.9936	1,24,7
France,3.16667,43.6667	-6,6,7
France,4.30314,45.0608	2,18,7
France,4.88635,45.3483	-3,4,7
France,4.92085,45.7818	-1,10,7
France,5.64754,46.7072	0,8,7
France,5.88459,46.116	-7,6,7
FrenchPolynesia,-143.083,-17.8667	2,8,7
FrenchPolynesia,-148.167,-15.0	2,82,7
FrenchPolynesia,-149.567,-17.5333	1,14,7
Gabon,9.45,0.383333	0,1,7
Georgia,41.1599,42.7908	4,8,7
Georgia,43.5,42.0	-1,26,7
Germany,10.0,52.0	-7,166,7
Germany,10.2833,50.95	2,37,7
Germany,10.35,49.9	-9,20,7
Germany,10.45,53.3333	-1,4,7
Germany,10.8,52.5667	-7,2,7
Germany,10.85,50.5833	-13,30,7
Germany,10.9,50.6833	2,4,7
Germany,11.1,47.5	-1,20,7
Germany,11.1333,48.4667	-2,160,7
Germany,11.1667,48.8667	-5,74,7
Germany,11.5833,48.15	-3,2014,7
Germany,11.6833,49.6	0,10,7
Germany,11.7667,47.7167	-9,3,7
Germany,11.8167,51.15	-3,4,7
Germany,12.3333,52.6	-4,24,7
Germany,12.8833,47.7333	-3,10,7
Germany,12.9,47.7667	-3,1,7
Germany,13.05,53.8	-4,2,7
Germany,13.2,52.55	-5,821,7
Germany,13.2667,53.9167	0,10,7
Germany,13.3333,52.5333	-8,38,7
Germany,13.8667,54.1	-9,10,7
Germany,13.9167,53.8667	-5,40,7
Germany,14.1333,52.2667	-5,7,7
Germany,6.23333,50.55	-1,16,7
Germany,6.53333,49.9667	1,2,7
Germany,6.83333,51.1	1,3,7
Germany,7.1,50.55	-3,5,7
Germany,7.4,50.9833	-9,2,7
Germany,7.4,51.6333	-8,10,7
Germany,7.5,50.0333	0,10,7
Germany,7.56667,51.45	-3,30,7
Germany,7.61667,52.3833	0,1,7
Germany,7.98333,51.95	-1,12,7
Germany,8.06992,48.1725	-9,8,7
Germany,8.08333,51.3833	-8,76,7
Germany,8.17611,49.4908	-1,7,7
Germany,8.23333,50.0167	-2,6,7
Germany,8.25,50.0833	-12,38,7
Germany,8.26556,49.6047	-6,191,7
Germany,8.49707,47.9551	-9,24,7
Germany,8.58333,53.55	0,2,7
Germany,8.7,53.8833	1,16,7
Germany,8.86667,53.05	-7,70,7
Germany,9.0,50.0	-8,36,7
Germany,9.01667,52.2	-5,8,7
Germany,9.06667,47.7167	-2,10,7
Germany,9.13333,53.0833	-4,10,7
Germany,9.21667,48.4833	2,6,7
Germany,9.4,53.1167	-9,16,7
Germany,9.48333,48.9333	-6,10,7
Germany,9.51667,49.1667	-5,2,7
Germany,9.55,54.5167	-2,20,7
Germany,9.68333,50.45	-3,7,7
Germany,9.7,50.8667	-2,194,7
Germany,9.91667,48.0	3,8,7
Germany,9.96667,53.4	-9,26,7
Ghana,-0.266667,5.55	4,2,7
Ghana,-0.283333,5.93333	-2,20,7
Ghana,-0.364927,5.49741	2,5,7
Ghana,-1.0,5.5	0,6,7
Ghana,-2.0,8.0	-2,175,7
Gibraltar,-5.3667,36.1833	-2,33,7
Greece,21.35,38.05	-4,10,7
Greece,22.0,39.0	-4,8774,7
Greece,23.0,44.0	-4,449,7
Greece,23.4536,37.4994	-1,10,7
Greece,24.4019,40.9397	-7,5,7
Greece,25.4592,36.3956	3,4,7
Greece,26.2203,38.5142	-1,2,7
Greece,26.8425,37.1467	-7,750,7
Greece,26.9667,37.4667	-6,54,7
Greece,27.0853,37.2878	-5,119,7
Greece,27.1344,36.9328	-6,20,7
Guatemala,-89.6167,14.3833	0,6,7
Guatemala,-90.25,15.5	0,371,7
Guatemala,-91.5167,14.8333	-7,2,7
Guernsey,-2.2,49.7167	-3,10,7
Guernsey,-2.62573,49.4717	-7,26,7
Guyana,-58.15,6.8	-2,17,7
Honduras,-86.0,15.6833	-4,10,7
Honduras,-87.8,15.4	-2,1,7
HongKong,114.167,22.25	-1,436,7
Hungary,16.9717,46.5142	-4,13,7
Hungary,17.2331,47.5011	-3,14,7
Hungary,17.9512,46.7807	-6,358,7
Hungary,18.0833,46.65	-2,1,7
Hungary,18.4326,45.7911	-6,58,7
Hungary,18.644,47.4842	-4,142,7
Hungary,19.0481,47.9085	-7,10,7
Hungary,19.6166,46.1968	3,10,7
Hungary,19.7833,46.1988	-5,8,7
Iceland,-20.5419,64.3374	-1,9,7
Iceland,-21.7589,64.564	0,4,7
Iceland,-22.5607,64.0016	2,8,7
India,72.25,23.4833	1,5,7
India,72.4,23.6	-1,10,7
India,72.6833,25.85	-1,3,7
India,72.8333,19.0667	-3,2,7
India,73.2,22.3	0,3,7
India,73.4167,18.0833	-1,4,7
India,73.95,15.6	0,10,7
India,74.2833,34.4	0,8,7
India,74.7667,15.3333	-5,10,7
India,75.0,18.55	-6,10,7
India,75.0167,33.65	-7,2,7
India,75.071,28.6293	0,12,7
India,75.5167,32.0333	0,4,7
India,75.7,16.8333	-5,4,7
India,75.7431,25.7444	0,1,7
India,75.85,30.9	1,5,7
India,76.1,34.5667	0,40,7
India,76.9569,8.50694	-3,5,7
India,76.9806,29.6161	-2,31,7
India,76.9833,29.6833	0,1,7
India,77.2,28.6	-1,765,7
India,77.2833,28.5667	1,6,7
India,77.3167,28.4333	-6,32,7
India,77.5833,12.9833	-5,14,7
India,77.7,27.5833	0,4,7
India,77.7,28.9833	0,4,7
India,78.05,27.1667	-3,5,7
India,78.1514,26.1967	-4,29,7
India,78.4744,17.3753	-4,38,7
India,78.4833,20.6667	0,5,7
India,78.6856,10.805	-7,8,7
India,78.95,29.2167	-4,10,7
India,79.1,21.15	-3,6,7
India,79.1715,24.5728	2,13,7
India,80.1106,12.9272	-3,2,7
India,80.9167,26.85	0,14,7
India,81.5333,24.95	-6,2,7
India,82.2,26.8	-1,14,7
India,84.4167,20.5	-8,72,7
India,85.8333,20.2333	-9,70,7
India,88.8167,27.4	-4,5,7
India,91.275,23.8364	-3,23,7
India,91.4514,23.2528	-2,75,7
India,92.0,24.0	0,73,7
India,93.7333,25.9	-3,18,7
India,94.25,26.0	-2,164,7
Indonesia,102.0,0.0	-6,787,7
Indonesia,106.0,3.0	-1,4,7
Indonesia,107.439,-7.1262	-2,9,7
Indonesia,107.447,-7.0767	-5,262,7
Indonesia,108.134,-7.0065	-4,26,7
Indonesia,110.361,-7.78278	-6,20,7
Indonesia,110.42,-6.9932	-1,12,7
Indonesia,110.584,-6.8877	2,3,7
Indonesia,110.724,-7.90417	-2,40,7
Indonesia,110.819,-7.0458	-1,10,7
Indonesia,112.337,-7.1046	-2,447,7
Indonesia,112.704,-7.3997	-1,121,7
Indonesia,113.341,-7.8487	-6,4,7
Indonesia,117.089,-8.4292	1,3,7
Indonesia,119.827,-3.8932	-2,206,7
Indonesia,120.0,-5.0	-4,3973,7
Indonesia,95.5145,5.5895	-5,8,7
Indonesia,95.5752,4.6291	-3,60,7
Indonesia,97.2773,4.9669	-7,8,7
Indonesia,97.3203,5.0404	-4,1171,7
Indonesia,97.7884,2.2874	-5,143,7
Indonesia,98.0167,4.53333	-4,710,7
Indonesia,98.0701,4.3299	-7,36,7
Indonesia,98.2202,3.7181	0,15,7
Indonesia,98.3916,3.1501	-4,8,7
Indonesia,98.3994,3.1337	-3,2,7
Indonesia,99.5732,3.197	-2,34,7
Iran,44.5796,39.1323	4,8,7
Iran,47.6085,33.6602	-2,4,7
Iran,48.6693,31.3203	-3,2,7
Iran,50.0064,32.9228	0,10,7
Iran,50.2055,30.6693	-1,246,7
Iran,50.8436,36.7859	-6,25,7
Iran,51.4216,35.705	-5,4,7
Iran,51.5148,35.75	-2,878,7
Iran,51.5364,30.068	-3,13,7
Iran,52.4394,30.5901	0,2,7
Iran,52.5509,29.0733	-2,4,7
Iran,53.0,32.0	-2,1341,7
Iran,58.8531,25.7269	2,18,7
Iran,59.9333,32.8667	-5,4,7
Iran,60.8273,36.404	-4,2,7
Iraq,42.4481,36.3791	-6,10,7
Iraq,42.5007,34.0401	-1,6,7
Iraq,42.7036,37.148	-4,6,7
Iraq,42.8667,33.9667	-3,2,7
Iraq,43.0967,36.7342	-1,6,7
Iraq,43.2953,35.7988	-3,30,7
Iraq,43.3078,33.4206	-5,203,7
Iraq,43.3145,35.7337	0,2,7
Iraq,43.3776,36.2709	-4,357,7
Iraq,43.397,35.6554	3,7,7
Iraq,43.5916,36.1981	0,65,7
Iraq,43.7861,33.3558	-2,104,7
Iraq,43.8088,35.875	-3,8,7
Iraq,43.966,36.9666	-3,73,7
Iraq,43.9786,34.5078	-8,6,7
Iraq,44.0,33.0	-3,12256,7
Iraq,44.0106,36.1926	-2,665,7
Iraq,44.0165,32.5979	-6,7,7
Iraq,44.0639,33.1506	-3,2,7
Iraq,44.091,36.4033	0,51,7
Iraq,44.1457,34.0148	-3,2,7
Iraq,44.4116,32.5312	-4,313,7
Iraq,44.7758,32.9256	-2,36,7
Iraq,45.0143,36.425	-6,4,7
Iraq,45.4329,35.565	0,68,7
Iraq,45.5582,35.2523	-4,30,7
Iraq,46.3314,30.9803	1,8,7
Iraq,47.4167,31.0	0,20,7
Iraq,47.7667,30.3167	-2,6,7
Ireland,-10.2222,51.9486	0,10,7
Ireland,-6.12861,53.2925	-6,6,7
Ireland,-6.24889,53.3331	-2,1923,7
Ireland,-6.24922,53.3551	0,10,7
Ireland,-6.33917,53.2817	-3,67,7
Ireland,-6.54139,53.9486	-2,10,7
Ireland,-6.92611,52.8408	2,15,7
Ireland,-7.59833,54.8747	0,10,7
Ireland,-8.02722,54.2678	-5,10,7
Ireland,-8.2,53.85	-1,8,7
Ireland,-8.29917,51.8572	1,6,7
Ireland,-8.46667,53.35	-3,2,7
Ireland,-8.65024,52.6681	-2,2,7
Ireland,-8.69306,52.5347	1,5,7
Ireland,-8.86389,52.4728	-3,1,7
Ireland,-9.0,52.8333	1,2,7
Ireland,-9.0,53.6667	0,5,7
Ireland,-9.14667,52.6067	-8,70,7
Israel,34.3333,31.4167	-2,3360,7
Israel,34.4016,31.3511	-3,14,7
Israel,34.5906,31.3248	0,4,7
Israel,34.6799,31.733	0,8,7
Israel,34.7647,32.0678	0,18,7
Israel,34.7863,31.2516	-1,51,7
Israel,34.8044,31.9642	-3,4,7
Israel,34.8142,32.0806	0,34,7
Israel,34.8186,31.8969	0,12,7
Israel,34.8367,32.1658	-1,57,7
Israel,34.8386,31.8539	0,3,7
Israel,34.8599,32.3329	-1,18,7
Israel,34.8669,31.9253	-1,25,7
Israel,34.8672,32.1808	0,6,7
Israel,34.8821,31.2242	-3,8,7
Israel,34.8863,31.7499	-3,16,7
Israel,34.9105,32.2827	1,30,7
Israel,34.9333,31.7333	-3,30,7
Israel,34.9406,32.5686	-2,4,7
Israel,34.9482,29.558	-2,34,7
Israel,34.9856,31.9339	0,41,7
Israel,35.0289,32.4562	-1,20,7
Israel,35.073,31.7737	2,1,7
Israel,35.1535,32.5172	-5,20,7
Israel,35.1906,31.7883	0,16,7
Israel,35.2033,32.7073	0,10,7
Israel,35.4084,32.7547	-3,5,7
Israel,35.4264,32.775	-3,4,7
Israel,35.4723,33.0889	-1,10,7
Israel,35.5,32.5	-3,18,7
Israel,35.5017,32.4675	0,5,7
Israel,35.5027,32.7471	0,12,7
Israel,35.5333,32.45	-7,9,7
Israel,35.5575,31.7633	-1,38,7
Israel,35.563,32.7138	0,10,7
Israel,35.6039,32.9745	-2,2,7
Italy,11.3667,46.5167	-6,10,7
Italy,12.3333,45.4333	3,25,7
Italy,12.3742,45.4131	0,40,7
Italy,12.5833,35.5167	-4,4,7
Italy,12.6,35.5	-3,604,7
Italy,12.6,41.8	-2,26,7
Italy,12.9667,40.9	0,6,7
Italy,13.3667,38.1167	-3,161,7
Italy,13.4167,41.35	-2,4,7
Italy,13.5333,37.2833	-4,27,7
Italy,13.8,41.4833	-2,10,7
Italy,14.25,37.75	-3,1162,7
Italy,14.3333,41.25	1,9,7
Italy,14.3833,37.15	-2,10,7
Italy,14.4333,40.8167	2,8,7
Italy,18.35,39.8	-1,38,7
Italy,7.33333,45.75	1,2,7
Italy,7.76667,43.8167	0,10,7
Italy,8.0,45.0	0,7,7
Italy,9.33278,44.3414	0,10,7
Italy,9.51667,40.9167	-5,2,7
Jamaica,-77.5,18.25	-1,364,7
Japan,135.75,35.0	0,64,7
Japan,137.21,35.0369	-4,10,7
Japan,138.0,36.0	-2,986,7
Japan,138.325,35.0252	-5,34,7
Japan,138.667,36.9833	-1,20,7
Japan,139.55,38.3	2,4,7
Japan,139.751,35.685	-2,1000,7
Japan,139.961,36.0355	-4,99,7
Japan,142.133,44.7333	0,8,7
Jordan,34.8403,29.2745	-2,5,7
Jordan,35.0078,29.5267	6,8,7
Jordan,35.7939,31.716	-2,10,7
Jordan,35.8798,32.4866	1,26,7
Jordan,35.8951,32.5578	-1,7,7
Jordan,36.0,32.4833	0,10,7
Jordan,36.0069,32.5592	-3,8,7
Jordan,36.208,32.3429	-2,1508,7
Jordan,37.9167,32.3333	-3,10,7
Kazakhstan,52.1667,44.25	0,10,7
Kazakhstan,76.95,43.25	-7,6,7
Kazakhstan,80.2667,50.4268	-1,16,7
Kenya,34.8733,3.70603	0,75,7
Kenya,36.8167,0.083333	-3,109,7
Kenya,36.85,-1.26667	-6,16,7
Kenya,36.9833,1.48333	-2,10,7
Kenya,37.0231,-0.410736	-7,2,7
Kiribati,173.283,2.01667	-4,2,7
Kuwait,47.7878,29.2533	-3,2,7
Kuwait,47.9783,29.3697	-1,9,7
Kyrgyzstan,74.6003,42.8731	-1,26,7
Kyrgyzstan,75.0,41.0	-8,46,7
Laos,102.135,19.8856	-2,115,7
Lebanon,35.3667,33.5167	0,10,7
Lebanon,35.4078,33.6322	-8,8,7
Lebanon,35.8333,33.8333	-3,2769,7
Lebanon,35.8572,33.4106	2,20,7
Lebanon,35.9311,33.7278	0,41,7
Lebanon,36.1156,34.5403	1,12,7
Lebanon,36.4208,34.1794	-2,163,7
Lesotho,27.4833,-29.3167	-1,10,7
Lesotho,27.7489,-29.1472	-1,6,7
Liberia,-11.5206,6.93667	1,90,7
Liberia,-8.08333,5.91667	1,10,7
Libya,13.18,32.8925	-4,3140,7
Libya,17.0,25.0	-5,8436,7
Libya,18.0,31.5	-5,5,7
Libya,22.6367,32.767	0,22,7
Lithuania,21.0686,55.9175	0,10,7
Lithuania,21.1175,55.7172	0,3,7
Lithuania,23.9,54.9	-1,9,7
Lithuania,24.35,55.7333	0,16,7
Luxembourg,6.05,49.6111	1,1,7
Malawi,35.6507,-15.8064	-3,4,7
Malaysia,100.488,5.647	-1,1,7
Malaysia,100.917,4.48333	-3,24,7
Malaysia,100.918,5.67806	-1,5,7
Malaysia,101.283,4.11667	-2,10,7
Malaysia,101.433,3.13333	-6,2,7
Malaysia,101.667,3.08333	-2,31,7
Malaysia,101.683,3.03333	-2,2,7
Malaysia,101.767,3.15	0,10,7
Malaysia,102.0,4.0	-1,30,7
Malaysia,102.233,5.38333	1,15,7
Malaysia,102.241,2.196	-5,28,7
Malaysia,102.45,5.78115	-4,8,7
Malaysia,103.086,5.0829	-2,18,7
Malaysia,103.758,1.4655	-1,5,7
Malaysia,114.0,1.0	2,6,7
Malaysia,118.181,4.39829	-1,20,7
Mali,-6.91667,10.5333	-3,11,7
Mali,0.6437,15.6327	-3,8,7
Malta,14.25,36.0494	-2,5,7
Malta,14.5833,35.8333	-3,2729,7
Mauritania,-13.9209,17.0481	-5,10,7
Mexico,-100.317,25.6667	0,11,7
Mexico,-100.412,26.3792	-5,40,7
Mexico,-100.683,17.25	-5,7,7
Mexico,-100.931,21.6467	-2,7,7
Mexico,-101.867,21.0333	-11,24,7
Mexico,-102.583,22.7833	-3,68,7
Mexico,-103.333,20.6667	-3,145,7
Mexico,-103.85,24.9667	2,7,7
Mexico,-104.25,19.2833	0,10,7
Mexico,-105.538,20.7714	-3,35,7
Mexico,-105.733,22.5833	1,3,7
Mexico,-106.05,24.3833	-4,9,7
Mexico,-107.85,29.45	3,2,7
Mexico,-107.95,28.7333	0,1,7
Mexico,-109.883,27.8333	-3,6,7
Mexico,-110.3,30.95	0,2,7
Mexico,-111.567,28.9167	-1,3,7
Mexico,-115.235,32.5175	-4,1941,7
Mexico,-117.017,32.5333	0,34,7
Mexico,-93.3417,18.2083	-10,10,7
Mexico,-96.85,19.1167	-2,8,7
Mexico,-97.4556,17.6886	0,1,7
Mexico,-98.2,19.05	0,10,7
Mexico,-98.3333,25.3833	1,10,7
Mexico,-98.85,17.8333	4,2,7
Mexico,-98.9,19.2	5,10,7
Mexico,-99.4333,20.2	0,20,7
Moldova,28.5,47.0	0,2,7
Moldova,29.0,47.0	0,63,7
Monaco,7.4,43.7333	-3,2,7
Mongolia,105.0,44.0	0,2,7
Mongolia,90.0,48.0	0,10,7
Morocco,-2.92866,35.174	-6,50,7
Morocco,-5.45794,35.0135	-7,5,7
Morocco,-6.83,34.02	1,22,7
Morocco,-9.77001,31.5125	0,1,7
Mozambique,32.5892,-25.9653	0,4,7
Mozambique,35.0,-18.25	-2,211,7
Myanmar,92.3667,20.8167	-6,23,7
Myanmar,92.5333,20.8667	-5,10,7
Myanmar,92.9,20.15	-3,28,7
Myanmar,94.25,19.0	-4,160,7
Myanmar,94.9167,20.15	-2,3,7
Myanmar,95.4,17.5333	1,24,7
Myanmar,96.1833,21.4167	-4,4,7
Myanmar,96.4,18.6167	0,5,7
Myanmar,96.7,21.2833	-4,12,7
Myanmar,97.5,26.0	-3,53,7
Myanmar,97.75,22.9333	-1,93,7
Myanmar,97.7667,22.95	1,79,7
Myanmar,98.0,22.0	-3,514,7
Myanmar,98.3833,21.9167	-5,12,7
Namibia,17.0836,-22.57	-2,65,7
Nauru,166.95,-0.533333	-4,5,7
Nepal,81.6001,28.6033	-12,10,7
Nepal,81.6244,28.0577	-4,14,7
Nepal,83.6,28.6667	-2,5,7
Nepal,83.8929,28.1311	2,6,7
Nepal,84.6201,28.0024	0,175,7
Nepal,84.9283,27.8642	-5,2,7
Nepal,85.2992,28.1125	-7,30,7
Nepal,85.3142,27.6766	0,44,7
Nepal,85.3167,27.6667	0,10,7
Nepal,85.43,27.673	-3,31,7
Nepal,85.553,27.6189	3,3,7
Nepal,86.7406,27.6942	-2,19,7
Netherlands,4.65,52.3667	-4,16,7
Netherlands,4.97228,52.8424	-10,6,7
Netherlands,5.23542,52.0522	1,9,7
Netherlands,5.96667,52.2167	-6,8,7
Netherlands,6.23333,52.1333	-1,4,7
Netherlands,6.55,53.2167	-4,20,7
Netherlands,6.60622,52.8574	-2,36,7
Netherlands,6.89123,52.2195	-4,20,7
NewZealand,168.65,-45.0667	-8,2,7
NewZealand,169.983,-45.6667	2,1,7
NewZealand,170.5,-43.5	0,10,7
NewZealand,171.0,-43.0	-4,8,7
NewZealand,174.65,-36.6667	0,4,7
NewZealand,174.75,-41.2833	-2,16,7
NewZealand,174.8,-36.9667	-1,66,7
NewZealand,174.867,-37.05	0,2,7
NewZealand,175.167,-37.4333	-4,1,7
Nicaragua,-83.7318,11.871	-2,18,7
Nicaragua,-83.9419,14.7433	-1,7,7
Nicaragua,-85.0856,12.6968	-5,19,7
Nicaragua,-86.2683,12.1508	0,68,7
Niger,0.917385,14.7307	-5,20,7
Niger,13.0,14.05	-3,2,7
Niger,13.1092,14.2495	-4,3,7
Niger,5.95034,13.9183	0,4,7
Nigeria,11.5,12.0	0,14,7
Nigeria,11.7505,10.4485	-10,10,7
Nigeria,11.7539,12.1076	-7,3,7
Nigeria,11.9608,11.747	-5,46,7
Nigeria,12.65,9.21667	-6,2,7
Nigeria,13.0,11.5	-5,60,7
Nigeria,13.1603,11.8464	0,214,7
Nigeria,13.6079,12.6786	0,7,7
Nigeria,4.16667,8.25	-1,2,7
Nigeria,4.21667,7.96667	-6,80,7
Nigeria,5.56116,7.42046	0,16,7
Nigeria,6.0,4.83333	-4,3,7
Nigeria,6.0,5.5	-6,2,7
Nigeria,6.5,9.38333	-1,2,7
Nigeria,6.75,7.75	-2,2,7
Nigeria,7.53333,9.08333	0,51,7
Nigeria,8.25082,11.4148	-2,25,7
Nigeria,8.51667,11.9964	0,25,7
Nigeria,8.51667,8.31667	-1,4,7
Nigeria,8.75,7.33333	-4,30,7
Nigeria,9.63655,12.4784	-5,4,7
Nigeria,9.75,9.16667	2,10,7
NorthKorea,127.0,40.0	-2,549,7
NorthKorea,129.751,42.4428	-1,1,7
Norway,10.1333,60.0333	1,5,7
Norway,11.0833,59.95	1,5,7
Norway,11.1,60.7833	-1,3,7
Norway,29.7697,70.0731	-2,4,7
Norway,5.1,61.3833	0,4,7
Norway,9.1,63.2833	-7,10,7
Oceans,20.0,35.0	-5,1713,7
Oman,54.0924,17.015	-3,8,7
Oman,57.0,21.0	-3,720,7
Oman,57.9833,23.3	-3,1,7
Pakistan,64.2003,25.8224	1,108,7
Pakistan,65.6436,28.4785	-1,197,7
Pakistan,67.6666,31.1565	-9,10,7
Pakistan,68.2523,26.4602	-8,2,7
Pakistan,68.8789,27.5725	-1,3,7
Pakistan,69.4764,27.4765	2,1,7
Pakistan,69.4917,26.8167	-3,52,7
Pakistan,71.0721,32.4638	-1,10,7
Pakistan,71.3428,30.092	1,6,7
Pakistan,71.5733,34.0078	-2,136,7
Pakistan,71.6714,35.8136	1,36,7
Pakistan,71.8184,33.9123	2,8,7
Pakistan,71.9862,30.253	-4,6,7
Pakistan,72.0525,34.2019	-6,2,7
Pakistan,72.1502,34.796	0,308,7
Pakistan,72.3309,31.9745	2,4,7
Pakistan,72.4699,34.1199	-6,10,7
Pakistan,72.4869,30.8233	-12,8,7
Pakistan,72.6662,33.5482	-7,6,7
Pakistan,72.8164,34.945	-4,65,7
Pakistan,73.0667,33.6	0,24,7
Pakistan,73.075,32.2319	-1,2,7
Pakistan,73.1667,33.7	-2,1172,7
Pakistan,73.3092,30.5944	-7,2,7
Pakistan,73.4228,33.4824	-4,2,7
Pakistan,73.751,32.0387	-1,65,7
Pakistan,73.8514,32.3013	0,2,7
Pakistan,74.2849,32.3879	-2,10,7
Pakistan,74.3125,35.9187	-1,13,7
Pakistan,74.4467,31.1156	-1,3,7
Panama,-79.9,9.35	2,6,7
PapuaNewGuinea,147.271,-2.02259	2,50,7
Paraguay,-57.6667,-25.2667	-5,11,7
Peru,-72.5314,-13.1583	2,3,7
Peru,-76.0,-10.0	-2,276,7
Peru,-78.5306,-5.63472	-4,5,7
Philippines,117.767,15.1333	-2,1,7
Philippines,120.78,16.17	-3,8,7
Philippines,120.95,13.521	-2,5,7
Philippines,121.0,14.5833	1,7,7
Philippines,121.002,6.05222	1,4,7
Philippines,121.994,10.9132	1,2,7
Philippines,122.072,6.91025	-2,35,7
Philippines,123.307,9.307	0,6,7
Philippines,123.5,11.0	-3,381,7
Philippines,123.852,9.65556	0,3,7
Philippines,124.672,7.05444	-8,3,7
Philippines,124.974,11.2147	0,3,7
Philippines,125.213,11.105	0,6,7
Philippines,125.613,7.07306	-5,159,7
Philippines,126.147,8.67417	-6,7,7
Philippines,126.199,9.07833	-5,16,7
Poland,16.4425,50.6771	-5,20,7
Poland,19.1241,50.7965	-1,14,7
Poland,19.3617,52.229	-4,20,7
Poland,19.9648,54.4178	-2,25,7
Poland,20.0,52.0	-2,1721,7
Poland,21.0028,50.6148	-5,16,7
Poland,22.3056,53.2856	-4,2,7
Poland,23.6457,51.4708	-4,11,7
Portugal,-7.64102,41.7097	-4,5,7
Portugal,-8.37845,40.3843	-3,56,7
Portugal,-8.61099,41.1496	-1,4,7
Portugal,-9.13333,38.7167	-1,355,7
Reunion,55.6,-21.1	-2,21,7
Romania,22.1,45.2167	1,1,7
Romania,26.1,44.4333	0,94,7
Romania,26.3,44.5833	0,4,7
Romania,26.9833,48.0333	-2,5,7
Romania,27.05,46.85	-3,4,7
Romania,29.6667,45.3333	-11,5,7
Russia,104.037,53.3503	1,2,7
Russia,141.883,46.4333	0,2,7
Russia,30.2642,59.8944	0,227,7
Russia,33.3131,53.8855	-2,10,7
Russia,37.4139,55.9719	0,506,7
Russia,37.6156,55.7522	-2,8095,7
Russia,38.858,45.7082	0,7,7
Russia,41.0089,49.8106	1,5,7
Russia,41.7855,53.8421	-2,10,7
Russia,42.6975,50.1647	1,1,7
Russia,44.0075,56.3269	-2,2,7
Russia,50.6118,55.309	1,2,7
Russia,52.3667,52.0667	0,18,7
Russia,55.2693,53.9744	-8,14,7
Russia,61.4297,55.1544	-4,10,7
Rwanda,29.7409,-1.8455	-1,5,7
Rwanda,29.7987,-2.3877	3,30,7
Rwanda,29.8502,-2.61811	-3,5,7
Rwanda,29.8583,-1.3596	-3,3,7
Rwanda,29.867,-1.74992	-6,4,7
Rwanda,30.0,-2.0	-4,363,7
Rwanda,30.0606,-1.95361	-4,117,7
Rwanda,30.0833,-1.91667	-3,40,7
Rwanda,30.2689,-1.57367	0,30,7
Rwanda,30.424,-2.13182	-3,20,7
Rwanda,30.4432,-1.9298	1,2,7
Rwanda,30.8052,-2.274	-5,430,7
Samoa,-171.733,-13.8333	1,3,7
SanMarino,12.5,43.9333	2,10,7
SaudiArabia,41.8667,19.3833	6,1,7
SaudiArabia,42.5511,16.8892	-3,24,7
SaudiArabia,46.7728,24.6408	-3,884,7
SaudiArabia,46.7967,24.6669	-3,4,7
SaudiArabia,50.1022,26.4225	2,8,7
SaudiArabia,50.2524,26.5487	3,1,7
SaudiArabia,51.0,22.5	-4,108,7
Senegal,-14.0,14.0	-4,474,7
Senegal,-17.6339,14.7367	-4,84,7
Serbia,19.1583,44.5125	-5,8,7
Serbia,19.2619,45.1506	-5,10,7
Serbia,19.945,44.8125	-5,1,7
Serbia,19.9667,43.7406	-1,3,7
Serbia,19.9725,46.1556	-5,53,7
Serbia,20.6992,44.4386	-5,10,7
Singapore,103.8,1.3667	-1,318,7
Singapore,103.907,1.41444	0,3,7
Singapore,104.408,1.33028	0,30,7
Slovenia,14.5144,46.0553	-6,689,7
Slovenia,15.0014,46.1342	-1,5,7
Slovenia,15.5911,45.9033	-5,100,7
Slovenia,15.6481,46.6817	-7,40,7
Slovenia,15.6614,45.8603	-6,706,7
Slovenia,15.6667,45.8833	-3,21,7
Slovenia,15.9922,46.6733	-6,80,7
SolomonIslands,159.0,-8.0	1,16,7
Somalia,42.1959,-0.220142	-2,1,7
Somalia,42.4549,0.94361	-2,1,7
Somalia,42.5445,3.79376	-3,18,7
Somalia,43.7057,10.8397	-4,4,7
Somalia,44.0477,2.80412	-4,8,7
Somalia,45.4,2.11667	-2,1,7
Somalia,47.4308,6.76972	-2,40,7
Somalia,48.0,6.0	-2,1,7
Somalia,48.4845,8.40536	-1,3,7
Somalia,49.0,10.0	-3,2455,7
Somalia,51.0773,11.2864	6,4,7
SouthAfrica,18.5563,-33.9897	0,12,7
SouthAfrica,18.582,-33.5478	-3,45,7
SouthAfrica,18.6518,-33.8416	0,10,7
SouthAfrica,18.8311,-34.0305	1,8,7
SouthAfrica,20.0173,-34.8223	1,10,7
SouthAfrica,20.5834,-33.231	3,2,7
SouthAfrica,22.3849,-27.521	2,10,7
SouthAfrica,24.0,-29.0	-2,331,7
SouthAfrica,27.8667,-26.2667	0,63,7
SouthAfrica,27.9055,-23.2177	-7,1,7
SouthAfrica,27.91,-33.0111	5,2,7
SouthAfrica,28.0833,-26.2	-3,1018,7
SouthAfrica,28.25,-26.0833	-4,147,7
SouthAfrica,29.2332,-25.8713	5,5,7
SouthAfrica,29.371,-23.9964	1,2,7
SouthAfrica,29.6833,-27.8333	0,3,7
SouthAfrica,31.5998,-28.1675	-6,2,7
SouthKorea,126.266,33.4264	-2,10,7
SouthKorea,126.732,37.4536	-2,120,7
SouthKorea,127.0,37.5664	-2,1310,7
SouthKorea,128.352,35.9743	-5,18,7
SouthSudan,25.7917,10.4081	-5,1,7
SouthSudan,26.7817,8.82338	-3,68,7
SouthSudan,27.9365,7.10557	-5,14,7
SouthSudan,28.85,8.0	-4,206,7
SouthSudan,30.0,8.0	-4,921,7
SouthSudan,31.0,4.75	-5,28,7
SouthSudan,31.8894,7.90833	-2,1,7
SouthSudan,33.45,8.51667	-6,37,7
Spain,-0.084376,38.9217	-1,2,7
Spain,-0.487722,38.3462	-3,4,7
Spain,-2.69615,43.3951	-3,1,7
Spain,-2.91667,43.25	0,2,7
Spain,-2.94307,35.2839	-3,83,7
Spain,-3.21038,37.3049	0,4,7
Spain,-6.43703,36.7366	0,5,7
Spain,2.65522,39.5743	-4,10,7
SriLanka,79.8478,6.93194	-2,350,7
SriLanka,79.9,8.98333	-5,31,7
SriLanka,79.9829,9.7106	-8,6,7
SriLanka,80.2134,6.944	-7,10,7
SriLanka,80.2509,9.6756	-8,2,7
SriLanka,80.3183,7.2919	-7,14,7
SriLanka,80.3982,9.3961	-3,53,7
SriLanka,80.5546,7.3142	-3,3,7
SriLanka,81.5346,7.9038	-1,8,7
SriLanka,81.591,7.786	-5,2,7
SriLanka,81.6924,7.7102	-5,59,7
SriLanka,81.75,7.58333	-5,1,7
Sudan,31.9365,12.9442	-3,5,7
Sudan,32.5342,15.5881	-3,257,7
Sudan,36.4001,15.457	-6,8,7
Swaziland,31.05,-26.1667	-5,6,7
Swaziland,31.5,-26.5	-3,10,7
Sweden,11.6833,58.4833	-5,20,7
Sweden,12.3667,57.8	-9,9,7
Sweden,12.8556,56.6714	-6,30,7
Sweden,13.1667,55.3667	-5,7,7
Sweden,13.4167,58.3667	-6,8,7
Sweden,13.4833,55.7167	-2,10,7
Sweden,14.1833,57.7833	-9,17,7
Sweden,15.0,62.0	-4,11340,7
Sweden,15.3333,56.3333	1,2,7
Sweden,15.6833,59.8333	-3,10,7
Sweden,17.6333,59.85	0,15,7
Switzerland,7.07677,46.1046	0,10,7
Switzerland,7.15475,46.7957	-2,10,7
Switzerland,7.16667,45.8333	0,30,7
Switzerland,8.0,47.0	-1,1820,7
Syria,35.69,33.2854	-4,10,7
Syria,35.8866,34.889	-1,538,7
Syria,36.0123,35.2799	-3,8,7
Syria,36.1005,33.7249	-6,901,7
Syria,36.3206,35.8143	-3,18,7
Syria,36.3833,33.5	-5,81,7
Syria,36.3843,33.5165	-1,2,7
Syria,36.4333,33.8	0,30,7
Syria,36.4826,32.5201	-3,1,7
Syria,36.4958,34.8947	-6,2,7
Syria,36.6889,36.3078	-5,5,7
Syria,36.7309,34.8406	-6,7,7
Syria,36.7415,34.1527	-6,8,7
Syria,37.0,35.15	-1,2,7
Syria,37.0589,36.3242	-2,8,7
Syria,37.4751,36.4402	-6,4,7
Syria,38.0631,36.2158	-8,2,7
Syria,38.4458,36.35	-2,48,7
Syria,40.1408,35.3359	-4,65,7
Syria,40.6333,35.3333	-1,10,7
Syria,40.9186,34.45	-2,14,7
Syria,40.9848,36.6884	-5,131,7
Syria,41.8417,37.0722	-4,9,7
Taiwan,119.57,23.57	1,10,7
Taiwan,120.824,24.5643	0,10,7
Taiwan,121.532,25.0478	-2,193,7
Taiwan,121.551,24.864	-5,35,7
Taiwan,121.753,24.757	-3,6,7
Tajikistan,68.7739,38.56	-7,24,7
Tanzania,30.3911,-5.10361	-5,8,7
Tanzania,39.5333,-6.23333	0,2,7
Thailand,100.067,6.62314	-5,178,7
Thailand,100.453,14.5884	-4,16,7
Thailand,100.517,13.75	-3,2237,7
Thailand,100.595,7.19882	-5,11,7
Thailand,100.672,14.3628	-1,8,7
Thailand,100.741,13.6881	-4,10,7
Thailand,101.255,6.8749	-4,24,7
Thailand,101.6,14.6	-2,8,7
Thailand,97.9354,18.1617	-2,10,7
Thailand,98.6348,9.96583	0,2,7
Thailand,98.9847,18.7904	1,129,7
Thailand,99.8325,19.9086	-2,14,7
Tonga,-175.0,-20.0	-4,21,7
Tunisia,10.8575,33.8758	-6,58,7
Tunisia,8.83651,35.1676	-9,4,7
Tunisia,9.0,34.0	-4,205,7
Turkey,26.0676,40.7836	-5,51,7
Turkey,26.3961,41.7356	-1,2,7
Turkey,26.6,38.5	-6,6,7
Turkey,26.8008,39.3631	-3,30,7
Turkey,27.2252,41.7351	-6,22,7
Turkey,27.6522,36.7592	-5,171,7
Turkey,28.5333,40.55	-3,10,7
Turkey,28.9647,41.0186	-3,3057,7
Turkey,29.0875,37.7742	-5,30,7
Turkey,29.3333,40.5333	-3,48,7
Turkey,29.7794,40.4079	-1,76,7
Turkey,30.3556,36.4655	-2,51,7
Turkey,30.8812,38.8977	-1,8,7
Turkey,32.7686,39.9137	2,4,7
Turkey,32.873,39.9455	4,4,7
Turkey,33.0799,39.0951	-5,5,7
Turkey,33.2047,38.2262	-1,164,7
Turkey,33.991,41.3579	-4,4,7
Turkey,35.0,39.0	-4,23074,7
Turkey,35.6885,36.7973	-5,20,7
Turkey,36.1245,36.1146	-2,29,7
Turkey,38.3494,36.9047	-4,11,7
Turkey,38.3808,37.1513	-4,131,7
Turkey,38.8713,37.9383	-1,20,7
Turkey,39.1656,36.6844	-8,4,7
Turkey,40.1418,37.3159	-5,1,7
Turkey,40.6264,37.2456	-6,10,7
Turkey,40.65,38.6833	-6,5,7
Turkey,40.6824,38.4027	0,10,7
Turkey,40.8706,38.089	-8,3,7
Turkey,40.9675,37.2292	-5,11,7
Turkey,41.1477,38.1701	1,10,7
Turkey,41.9402,37.9326	-7,8,7
Turkey,42.7475,38.0838	-4,4,7
Turkey,43.4957,38.4987	2,5,7
Turkmenistan,60.0,40.0	-3,43,7
Uganda,31.35,1.13333	-1,28,7
Uganda,31.36,0.589167	-2,10,7
Uganda,31.7198,1.78849	-3,10,7
Uganda,31.8006,1.20062	-2,10,7
Uganda,32.0,1.0	-4,659,7
Uganda,32.4469,0.064444	-1,20,7
Uganda,32.4473,2.4431	-5,3,7
Uganda,32.5656,0.315556	-1,247,7
Uganda,33.6164,1.68556	1,10,7
Ukraine,23.4741,48.6031	-4,1,7
Ukraine,23.8667,50.2333	-5,194,7
Ukraine,24.9323,49.4423	-1,4,7
Ukraine,32.0,49.0	-2,816,7
Ukraine,38.5481,48.6299	0,9,7
UnitedArabEmirates,54.0,24.0	-4,512,7
UnitedArabEmirates,55.4033,25.3573	-3,15,7
UnitedArabEmirates,55.7458,24.2491	0,2,7
UnitedKingdom,-0.016667,53.3667	-1,10,7
UnitedKingdom,-0.05,52.0667	-3,2,7
UnitedKingdom,-0.083333,50.9167	-2,54,7
UnitedKingdom,-0.083333,51.5	-4,23,7
UnitedKingdom,-0.116667,51.5833	-2,5,7
UnitedKingdom,-0.116667,51.5	-3,16478,7
UnitedKingdom,-0.146828,51.4434	-4,2,7
UnitedKingdom,-0.15,51.5	-1,10,7
UnitedKingdom,-0.15,51.6333	-2,10,7
UnitedKingdom,-0.166667,51.5	-4,2,7
UnitedKingdom,-0.192867,51.5265	-6,16,7
UnitedKingdom,-0.216667,51.5167	3,20,7
UnitedKingdom,-0.25,52.5833	-2,23,7
UnitedKingdom,-0.283333,51.55	0,6,7
UnitedKingdom,-0.316667,51.4333	-5,34,7
UnitedKingdom,-0.416667,51.5	0,16,7
UnitedKingdom,-0.483333,52.0333	-6,8,7
UnitedKingdom,-0.516667,51.4667	-6,4,7
UnitedKingdom,-0.75,51.75	-3,6,7
UnitedKingdom,-0.848108,52.316	1,2,7
UnitedKingdom,-1.08333,51.2667	-5,33,7
UnitedKingdom,-1.11667,53.5333	-4,150,7
UnitedKingdom,-1.13333,52.6333	-1,67,7
UnitedKingdom,-1.13333,53.3	-2,20,7
UnitedKingdom,-1.16667,52.25	-5,18,7
UnitedKingdom,-1.2,53.1333	0,13,7
UnitedKingdom,-1.2125,54.6861	-4,28,7
UnitedKingdom,-1.25,53.45	0,16,7
UnitedKingdom,-1.28333,51.8167	1,10,7
UnitedKingdom,-1.31405,51.7823	-1,31,7
UnitedKingdom,-1.31667,51.9833	-4,10,7
UnitedKingdom,-1.41667,53.7	-2,14,7
UnitedKingdom,-1.41667,54.5833	-1,10,7
UnitedKingdom,-1.48333,51.2	0,10,7
UnitedKingdom,-1.5,50.9833	-4,31,7
UnitedKingdom,-1.5,54.1667	-5,17,7
UnitedKingdom,-1.55,52.5667	2,9,7
UnitedKingdom,-1.58333,52.3333	-2,21,7
UnitedKingdom,-1.66667,53.9167	2,5,7
UnitedKingdom,-1.66667,54.65	-5,22,7
UnitedKingdom,-1.7,52.1833	-4,31,7
UnitedKingdom,-1.71667,51.8	-3,11,7
UnitedKingdom,-1.81667,52.6833	-5,10,7
UnitedKingdom,-1.9,52.5	-4,20,7
UnitedKingdom,-1.93333,52.0833	-6,13,7
UnitedKingdom,-1.93333,52.3	-5,25,7
UnitedKingdom,-1.95,52.45	-1,1,7
UnitedKingdom,-2.0,52.5	-1,10,7
UnitedKingdom,-2.0,54.0	-3,18385,7
UnitedKingdom,-2.11667,53.25	0,10,7
UnitedKingdom,-2.11667,53.5667	0,12,7
UnitedKingdom,-2.15,52.2667	-5,28,7
UnitedKingdom,-2.16667,51.8333	-3,77,7
UnitedKingdom,-2.18333,53.9167	-1,4,7
UnitedKingdom,-2.33333,54.9167	0,4,7
UnitedKingdom,-2.51667,53.7333	1,11,7
UnitedKingdom,-2.61667,53.5333	-4,26,7
UnitedKingdom,-2.66667,52.6833	0,6,7
UnitedKingdom,-2.73333,53.35	-6,6,7
UnitedKingdom,-2.81667,55.1667	1,2,7
UnitedKingdom,-2.83333,54.5833	0,37,7
UnitedKingdom,-2.93333,50.7333	-5,22,7
UnitedKingdom,-2.93333,53.3833	-13,6,7
UnitedKingdom,-2.98333,51.2167	-5,22,7
UnitedKingdom,-2.98333,51.5833	-3,22,7
UnitedKingdom,-3.02667,51.6531	0,30,7
UnitedKingdom,-3.03333,53.4333	1,6,7
UnitedKingdom,-3.03333,53.4	-3,6,7
UnitedKingdom,-3.08333,53.3333	-5,38,7
UnitedKingdom,-3.16667,53.25	0,8,7
UnitedKingdom,-3.18,51.4347	-4,49,7
UnitedKingdom,-3.23333,57.4667	-2,20,7
UnitedKingdom,-3.25,55.75	-3,16,7
UnitedKingdom,-3.5,52.5833	1,4,7
UnitedKingdom,-3.53333,50.7	-5,10,7
UnitedKingdom,-3.68333,54.5833	-4,535,7
UnitedKingdom,-3.78333,51.9833	0,2,7
UnitedKingdom,-3.83333,55.5833	-4,14,7
UnitedKingdom,-3.85,56.6167	1,4,7
UnitedKingdom,-4.03333,55.8667	-4,2,7
UnitedKingdom,-4.06667,52.1167	-3,10,7
UnitedKingdom,-4.06667,52.4167	0,22,7
UnitedKingdom,-4.16667,55.7667	-3,30,7
UnitedKingdom,-4.25,55.8667	-3,18,7
UnitedKingdom,-4.28333,55.8	-5,10,7
UnitedKingdom,-4.45,57.3	0,8,7
UnitedKingdom,-4.6,55.5	-4,5,7
UnitedKingdom,-5.8,54.25	-3,2,7
UnitedKingdom,-6.3,49.9833	-2,8,7
UnitedKingdom,-7.8,54.25	-3,12,7
UnitedKingdom,0.066667,51.1833	-5,8,7
UnitedKingdom,0.083333,52.3333	-3,582,7
UnitedKingdom,0.116667,52.2	-1,810,7
UnitedKingdom,0.25,50.8	0,1,7
UnitedKingdom,0.316667,51.6167	-3,16,7
UnitedKingdom,0.333333,50.9167	-7,4,7
UnitedKingdom,0.366667,51.4333	0,20,7
UnitedKingdom,0.386213,51.5057	-4,90,7
UnitedKingdom,0.433333,52.0833	0,5,7
UnitedKingdom,0.55,52.65	-5,2,7
UnitedKingdom,0.566667,51.8833	-1,31,7
UnitedKingdom,0.583333,51.8333	-1,96,7
UnitedKingdom,0.85,52.7667	-2,27,7
UnitedKingdom,1.25,51.15	0,2,7
UnitedKingdom,1.5,52.6667	-3,20,7
UnitedKingdom,1.68333,52.3333	-2,16,7
UnitedStates,-100.834,37.2	-5,10,7
UnitedStates,-102.05,31.8668	4,10,7
UnitedStates,-103.126,31.9851	-3,8,7
UnitedStates,-103.451,39.05	0,10,7
UnitedStates,-104.451,33.3834	-2,4,7
UnitedStates,-104.856,39.3722	4,12,7
UnitedStates,-104.951,39.3333	0,8,7
UnitedStates,-104.961,39.6777	-5,10,7
UnitedStates,-105.084,40.5853	0,9,7
UnitedStates,-105.576,41.3119	-4,2,7
UnitedStates,-106.053,32.2011	0,4,7
UnitedStates,-106.237,34.8375	0,621,7
UnitedStates,-106.326,42.8336	0,10,7
UnitedStates,-106.778,32.3123	0,12,7
UnitedStates,-107.211,39.4022	-2,5,7
UnitedStates,-107.251,44.5002	0,3,7
UnitedStates,-108.38,43.025	-2,30,7
UnitedStates,-108.601,37.2464	-2,20,7
UnitedStates,-109.471,40.085	-4,2,7
UnitedStates,-109.88,39.8314	-2,84,7
UnitedStates,-110.501,39.7411	-1,15,7
UnitedStates,-110.52,32.132	2,1,7
UnitedStates,-110.926,32.2217	-1,73,7
UnitedStates,-110.974,32.2054	-2,110,7
UnitedStates,-111.388,33.7712	-1,3220,7
UnitedStates,-111.498,40.6461	3,2,7
UnitedStates,-111.876,40.6255	-3,4,7
UnitedStates,-111.891,40.7608	0,205,7
UnitedStates,-111.976,41.1758	2,5,7
UnitedStates,-112.048,33.0581	-2,17,7
UnitedStates,-112.265,46.4222	0,10,7
UnitedStates,-112.691,39.1559	1,31,7
UnitedStates,-113.876,33.6256	1,7,7
UnitedStates,-114.334,48.4114	2,8,7
UnitedStates,-114.461,42.563	-3,25,7
UnitedStates,-114.474,42.5819	-2,78,7
UnitedStates,-114.597,40.8549	0,10,7
UnitedStates,-114.876,36.0003	2,3,7
UnitedStates,-115.12,35.9122	2,2,7
UnitedStates,-115.15,36.1311	5,2,7
UnitedStates,-115.152,36.0804	5,4,7
UnitedStates,-115.475,45.8085	-5,12,7
UnitedStates,-116.126,43.4166	-2,3,7
UnitedStates,-116.203,43.6135	-5,91,7
UnitedStates,-116.733,43.0168	-4,10,7
UnitedStates,-116.982,32.8514	-6,10,7
UnitedStates,-117.036,32.9628	-7,10,7
UnitedStates,-117.142,32.6976	-3,2,7
UnitedStates,-117.157,32.7153	-1,1259,7
UnitedStates,-117.166,34.0653	4,1,7
UnitedStates,-117.193,32.7973	-3,8,7
UnitedStates,-117.29,34.1083	-4,233,7
UnitedStates,-117.291,34.5361	3,4,7
UnitedStates,-117.37,34.1064	-2,14,7
UnitedStates,-117.393,33.2103	-2,11,7
UnitedStates,-117.398,33.9945	-8,30,7
UnitedStates,-117.409,34.5828	-5,16,7
UnitedStates,-117.687,47.3267	-2,8,7
UnitedStates,-117.741,48.0574	-2,6,7
UnitedStates,-117.813,33.8886	-2,6,7
UnitedStates,-117.999,33.6603	-4,33,7
UnitedStates,-118.085,33.9472	-3,10,7
UnitedStates,-118.189,33.767	0,8,7
UnitedStates,-118.201,34.3667	0,6,7
UnitedStates,-118.22,33.8958	-1,2,7
UnitedStates,-118.244,34.0522	-2,541,7
UnitedStates,-118.259,34.09	-2,8,7
UnitedStates,-118.293,36.5785	-4,368,7
UnitedStates,-118.301,34.0578	-1,9,7
UnitedStates,-118.324,33.3456	-1,2,7
UnitedStates,-118.339,33.9933	1,4,7
UnitedStates,-118.359,46.0804	-4,6,7
UnitedStates,-118.388,46.0493	3,3,7
UnitedStates,-118.396,34.0211	1,4,7
UnitedStates,-118.526,34.0481	-5,4,7
UnitedStates,-118.543,34.3917	1,3,7
UnitedStates,-118.638,34.1578	0,8,7
UnitedStates,-119.018,34.4667	-6,4,7
UnitedStates,-119.137,46.2112	0,4,7
UnitedStates,-119.292,36.3302	0,4,7
UnitedStates,-119.484,46.2665	0,10,7
UnitedStates,-119.518,34.3989	-3,71,7
UnitedStates,-119.649,37.328	-1,12,7
UnitedStates,-119.665,37.7163	1,2,7
UnitedStates,-120.225,47.6612	-2,8,7
UnitedStates,-120.584,38.1666	-1,11,7
UnitedStates,-120.68,38.196	-3,7,7
UnitedStates,-120.814,39.566	0,7,7
UnitedStates,-120.829,38.1916	0,6,7
UnitedStates,-121.079,35.5664	0,10,7
UnitedStates,-121.218,37.9766	-1,1,7
UnitedStates,-121.247,48.6737	-3,6,7
UnitedStates,-121.266,44.7635	-3,32,7
UnitedStates,-121.303,38.7657	0,20,7
UnitedStates,-121.317,38.6599	-3,6,7
UnitedStates,-121.318,38.4666	1,2,7
UnitedStates,-121.454,44.8701	-4,6,7
UnitedStates,-121.516,38.1644	-2,8,7
UnitedStates,-121.699,42.1951	2,2,7
UnitedStates,-121.732,36.4797	4,1,7
UnitedStates,-121.751,42.6665	-1,2,7
UnitedStates,-121.777,36.9141	0,1,7
UnitedStates,-121.818,47.4665	-2,26,7
UnitedStates,-121.825,47.5287	-2,8,7
UnitedStates,-122.098,47.9129	-5,14,7
UnitedStates,-122.143,37.4419	-1,33,7
UnitedStates,-122.17,37.4289	-1,1,7
UnitedStates,-122.272,38.0955	0,6,7
UnitedStates,-122.273,37.8716	0,169,7
UnitedStates,-122.332,47.6062	0,8,7
UnitedStates,-122.355,47.5173	1,2,7
UnitedStates,-122.419,37.7599	4,4,7
UnitedStates,-122.419,37.7749	-2,1670,7
UnitedStates,-122.424,37.7722	-1,2,7
UnitedStates,-122.428,38.6152	-3,2,7
UnitedStates,-122.482,44.3973	-3,1324,7
UnitedStates,-122.582,47.7009	-1,16,7
UnitedStates,-122.615,38.7559	-3,16,7
UnitedStates,-122.627,47.5688	-1,745,7
UnitedStates,-122.676,45.5235	-1,139,7
UnitedStates,-122.683,38.8155	-1,5,7
UnitedStates,-122.707,45.4696	3,8,7
UnitedStates,-122.784,39.0999	-2,67,7
UnitedStates,-122.896,41.1196	-4,2,7
UnitedStates,-123.022,44.0462	-6,2,7
UnitedStates,-123.105,44.0682	3,6,7
UnitedStates,-123.189,45.8583	-1,7,7
UnitedStates,-123.281,42.9273	-2,6,7
UnitedStates,-123.328,42.439	-5,216,7
UnitedStates,-123.453,40.6174	-7,6,7
UnitedStates,-123.844,45.4562	-4,6,7
UnitedStates,-124.422,42.4073	-3,12,7
UnitedStates,-131.646,55.3422	0,14,7
UnitedStates,-149.9,61.2181	-2,23,7
UnitedStates,-150.501,60.3333	2,4,7
UnitedStates,-156.5,20.7503	3,2,7
UnitedStates,-157.858,21.3069	-2,25,7
UnitedStates,-157.867,21.3	0,14,7
UnitedStates,-66.111,18.3575	0,13,7
UnitedStates,-66.335,18.2766	-1,289,7
UnitedStates,-68.3995,44.5334	-2,10,7
UnitedStates,-68.9686,44.3798	-5,6,7
UnitedStates,-69.8145,43.9112	2,4,7
UnitedStates,-69.9597,41.6821	-3,24,7
UnitedStates,-70.0328,41.7001	-5,3,7
UnitedStates,-70.206,43.6637	-1,16,7
UnitedStates,-70.2828,41.6529	-2,6,7
UnitedStates,-70.4534,43.4926	0,2,7
UnitedStates,-70.7056,42.0918	1,48,7
UnitedStates,-70.9111,41.8932	0,24,7
UnitedStates,-70.9495,42.6376	-2,2,7
UnitedStates,-71.0184,42.0834	0,6,7
UnitedStates,-71.062,42.3779	1,2,7
UnitedStates,-71.0753,42.3548	1,8,7
UnitedStates,-71.1048,42.334	0,11,7
UnitedStates,-71.1198,42.4045	-4,10,7
UnitedStates,-71.1203,42.3098	4,26,7
UnitedStates,-71.1212,42.3318	-6,10,7
UnitedStates,-71.1712,42.3357	1,2,7
UnitedStates,-71.2762,42.4907	-2,2,7
UnitedStates,-71.4162,42.2793	2,4,7
UnitedStates,-71.4217,41.6579	6,63,7
UnitedStates,-71.4423,41.6412	-1,6,7
UnitedStates,-71.6581,42.7348	0,1,7
UnitedStates,-71.8023,42.2626	1,20,7
UnitedStates,-71.8328,42.3334	3,2,7
UnitedStates,-72.1095,44.4978	-2,6,7
UnitedStates,-72.1931,41.3254	0,10,7
UnitedStates,-72.5515,42.1048	-3,3,7
UnitedStates,-72.5579,42.8509	0,3,7
UnitedStates,-72.5829,42.5834	2,3,7
UnitedStates,-72.7622,41.5834	-1,746,7
UnitedStates,-72.832,41.7198	-5,16,7
UnitedStates,-72.9265,41.3112	-7,16,7
UnitedStates,-73.171,44.467	1,3,7
UnitedStates,-73.2352,44.4963	0,3,7
UnitedStates,-73.254,44.1673	-4,2,7
UnitedStates,-73.3579,41.1415	0,8,7
UnitedStates,-73.5818,43.1001	-1,10,7
UnitedStates,-73.6982,40.8257	-3,4,7
UnitedStates,-73.7401,40.6129	2,6,7
UnitedStates,-73.8064,40.5894	2,2,7
UnitedStates,-73.8312,40.6998	-8,10,7
UnitedStates,-73.8433,40.7589	3,2,7
UnitedStates,-73.8466,40.8546	-3,2,7
UnitedStates,-73.8651,40.7612	-3,6,7
UnitedStates,-73.9379,41.6373	0,10,7
UnitedStates,-73.9535,40.7143	-3,9,7
UnitedStates,-73.956,41.3915	-4,8,7
UnitedStates,-73.9608,40.8119	1,1,7
UnitedStates,-73.9743,40.782	0,2,7
UnitedStates,-73.9771,40.7612	4,5,7
UnitedStates,-73.9799,40.7651	0,9,7
UnitedStates,-73.9828,40.7533	-1,2,7
UnitedStates,-73.9882,40.7426	0,4,7
UnitedStates,-73.9918,40.2693	2,14,7
UnitedStates,-73.994,40.5779	0,1,7
UnitedStates,-74.0035,40.6482	-8,4,7
UnitedStates,-74.0113,40.7034	-5,2,7
UnitedStates,-74.0121,40.2204	-5,2,7
UnitedStates,-74.0282,40.1534	-3,2,7
UnitedStates,-74.0496,41.1668	-2,4,7
UnitedStates,-74.1721,43.2256	-1,4,7
UnitedStates,-74.1724,40.7357	0,50,7
UnitedStates,-74.2163,42.2668	0,6,7
UnitedStates,-74.2771,41.3545	-3,2,7
UnitedStates,-74.3163,41.4168	-3,2,7
UnitedStates,-74.3196,44.1028	-3,2,7
UnitedStates,-74.3657,41.0668	0,5,7
UnitedStates,-74.3996,40.4334	-1,21,7
UnitedStates,-74.4229,39.3643	-1,2,7
UnitedStates,-74.4443,40.4995	-1,16,7
UnitedStates,-74.6185,40.0298	-3,10,7
UnitedStates,-74.6893,41.6556	0,36,7
UnitedStates,-74.6927,41.3751	-3,2,7
UnitedStates,-74.7429,40.2171	0,8,7
UnitedStates,-75.0746,38.6929	5,10,7
UnitedStates,-75.1077,40.4484	-4,2,7
UnitedStates,-75.1391,39.9865	4,2,7
UnitedStates,-75.1946,40.9868	0,10,7
UnitedStates,-75.3599,40.0462	4,6,7
UnitedStates,-75.5148,39.3498	0,141,7
UnitedStates,-75.5913,39.8718	1,2,7
UnitedStates,-75.6663,37.7501	2,4,7
UnitedStates,-75.8413,39.9829	-1,2,7
UnitedStates,-75.8749,40.6254	2,5,7
UnitedStates,-75.9108,43.9748	-1,1,7
UnitedStates,-75.918,42.0987	0,13,7
UnitedStates,-76.061,43.152	-1,51,7
UnitedStates,-76.1141,42.6478	-3,2,7
UnitedStates,-76.1416,40.8126	1,4,7
UnitedStates,-76.3069,40.1573	0,2,7
UnitedStates,-76.396,43.114	-5,20,7
UnitedStates,-76.4313,36.8743	0,1,7
UnitedStates,-76.4922,38.9784	1,10,7
UnitedStates,-76.5105,43.4553	0,10,7
UnitedStates,-76.5555,39.5162	-4,4,7
UnitedStates,-76.6122,39.2904	-1,47,7
UnitedStates,-76.6552,42.7348	3,12,7
UnitedStates,-76.983,38.4835	0,20,7
UnitedStates,-77.0105,38.8868	-2,3,7
UnitedStates,-77.0111,38.9107	-2,10,7
UnitedStates,-77.0164,38.9001	-3,20,7
UnitedStates,-77.0277,38.9743	-6,140,7
UnitedStates,-77.0294,38.9257	0,10,7
UnitedStates,-77.0422,38.899	-3,91,7
UnitedStates,-77.0506,38.9238	-4,10,7
UnitedStates,-77.0566,38.9171	-7,8,7
UnitedStates,-77.1997,39.1501	-1,9,7
UnitedStates,-77.3497,38.8501	-7,1,7
UnitedStates,-77.375,39.7504	-1,4,7
UnitedStates,-77.383,35.5835	-2,4,7
UnitedStates,-77.5242,42.1634	-4,8,7
UnitedStates,-77.5636,39.1157	2,18,7
UnitedStates,-77.5917,43.2514	0,16,7
UnitedStates,-77.6156,43.1548	0,4,7
UnitedStates,-77.9664,34.5004	0,6,7
UnitedStates,-78.2664,34.0668	1,12,7
UnitedStates,-78.4767,38.0293	-2,6,7
UnitedStates,-78.9381,35.9676	-2,11,7
UnitedStates,-79.1423,37.4138	1,2,7
UnitedStates,-79.1581,36.6729	2,6,7
UnitedStates,-79.172,42.5495	3,6,7
UnitedStates,-79.3192,37.8187	-2,6,7
UnitedStates,-79.3498,33.4502	-4,2,7
UnitedStates,-79.4378,37.8929	-5,42,7
UnitedStates,-79.8151,34.2438	1,10,7
UnitedStates,-79.9606,40.4676	2,2,7
UnitedStates,-79.9756,40.3798	0,8,7
UnitedStates,-80.0534,26.7153	-1,6,7
UnitedStates,-80.057,26.6159	5,6,7
UnitedStates,-80.0831,26.3587	-4,22,7
UnitedStates,-80.1434,26.1223	1,4,7
UnitedStates,-80.1937,25.7743	-1,945,7
UnitedStates,-80.2315,40.964	1,10,7
UnitedStates,-80.382,25.7543	-3,13,7
UnitedStates,-80.3836,25.7522	-5,37,7
UnitedStates,-80.4137,33.3227	-2,1,7
UnitedStates,-80.5721,39.2892	1,8,7
UnitedStates,-80.7665,41.7001	5,5,7
UnitedStates,-80.8426,35.2454	-1,11,7
UnitedStates,-80.8431,35.2271	0,58,7
UnitedStates,-80.8659,41.5364	5,1,7
UnitedStates,-80.8706,35.4843	-4,6,7
UnitedStates,-80.9066,33.8191	-2,1107,7
UnitedStates,-80.9406,34.0067	-1,6,7
UnitedStates,-81.0487,41.2589	-6,2,7
UnitedStates,-81.0521,31.9847	1,4,7
UnitedStates,-81.2129,34.6987	0,2,7
UnitedStates,-81.3665,40.8167	3,14,7
UnitedStates,-81.3792,28.5383	-1,73,7
UnitedStates,-81.4223,40.6142	0,8,7
UnitedStates,-81.4523,39.417	0,8,7
UnitedStates,-81.4831,26.1337	0,4,7
UnitedStates,-81.5087,41.4645	1,3,7
UnitedStates,-81.519,41.0814	0,4,7
UnitedStates,-81.5998,33.5835	-2,4,7
UnitedStates,-81.6248,26.6253	4,5,7
UnitedStates,-81.6556,30.3322	0,19,7
UnitedStates,-81.6745,30.3236	0,4,7
UnitedStates,-81.7354,41.4398	-2,6,7
UnitedStates,-81.8809,30.5088	2,2,7
UnitedStates,-81.8832,38.5168	4,6,7
UnitedStates,-81.9481,26.452	7,8,7
UnitedStates,-81.9495,26.5629	-2,2,7
UnitedStates,-82.0004,34.5004	-3,8,7
UnitedStates,-82.0954,39.3231	2,72,7
UnitedStates,-82.1499,37.7001	-2,8,7
UnitedStates,-82.2584,28.3372	1,2,7
UnitedStates,-82.2915,27.5009	-1,4,7
UnitedStates,-82.4351,27.965	2,8,7
UnitedStates,-82.4935,35.3137	3,8,7
UnitedStates,-82.5001,28.7505	0,5,7
UnitedStates,-82.554,35.6009	0,142,7
UnitedStates,-82.5825,27.765	-3,10,7
UnitedStates,-82.6379,38.4784	-2,66,7
UnitedStates,-82.6499,34.5334	-7,1,7
UnitedStates,-82.7088,35.9429	-3,5,7
UnitedStates,-82.739,37.4548	0,8,7
UnitedStates,-82.7821,39.3042	-2,10,7
UnitedStates,-82.9988,39.9612	0,67,7
UnitedStates,-83.5277,36.0259	0,4,7
UnitedStates,-83.6588,38.2934	-5,1,7
UnitedStates,-83.7269,41.0834	-2,2,7
UnitedStates,-83.7824,31.9635	0,4,7
UnitedStates,-83.7832,34.3168	-3,6,7
UnitedStates,-83.9007,33.839	0,10,7
UnitedStates,-83.9499,35.7001	-5,40,7
UnitedStates,-83.9705,35.7565	-7,28,7
UnitedStates,-83.9841,40.2053	-1,4,7
UnitedStates,-84.0499,33.9501	-2,2,7
UnitedStates,-84.0724,33.826	-2,4,7
UnitedStates,-84.1499,39.0501	-4,10,7
UnitedStates,-84.2799,38.9487	-4,2,7
UnitedStates,-84.3635,35.5198	-7,6,7
UnitedStates,-84.388,33.749	0,82,7
UnitedStates,-84.4569,39.162	0,30,7
UnitedStates,-84.4644,42.7244	0,1,7
UnitedStates,-84.5152,39.1115	-4,6,7
UnitedStates,-84.5666,38.3001	2,8,7
UnitedStates,-84.633,40.1028	0,11,7
UnitedStates,-84.9341,34.3687	-5,2,7
UnitedStates,-85.0005,42.2506	-2,7,7
UnitedStates,-85.0144,41.0706	-4,40,7
UnitedStates,-85.1499,34.2668	0,9,7
UnitedStates,-85.3587,45.0753	-2,16,7
UnitedStates,-85.45,38.4167	3,2,7
UnitedStates,-85.6681,42.9634	-1,11,7
UnitedStates,-85.7594,38.2542	-3,25,7
UnitedStates,-85.8591,37.694	-3,15,7
UnitedStates,-85.95,36.9501	-4,10,7
UnitedStates,-86.158,39.7684	-4,136,7
UnitedStates,-86.2119,32.5437	-2,5,7
UnitedStates,-86.2833,36.1501	1,2,7
UnitedStates,-86.3302,30.3799	3,20,7
UnitedStates,-86.4167,41.95	-3,2,7
UnitedStates,-86.4436,36.9903	-5,36,7
UnitedStates,-86.45,35.5167	-3,10,7
UnitedStates,-86.8073,32.799	-3,1849,7
UnitedStates,-86.8461,30.3938	-2,10,7
UnitedStates,-86.8667,33.5834	-2,1,7
UnitedStates,-87.0542,41.4995	1,10,7
UnitedStates,-87.2475,41.5642	-4,10,7
UnitedStates,-87.5039,39.7092	-2,4,7
UnitedStates,-87.5274,33.2353	6,2,7
UnitedStates,-87.5387,41.5264	0,8,7
UnitedStates,-87.5467,33.2151	0,10,7
UnitedStates,-87.5998,41.7898	0,4,7
UnitedStates,-87.6459,41.7798	-6,10,7
UnitedStates,-87.6745,42.0556	-2,13,7
UnitedStates,-87.7112,41.9389	0,2,7
UnitedStates,-87.7364,40.7761	-4,24,7
UnitedStates,-87.7425,32.7493	0,10,7
UnitedStates,-87.7826,42.0406	0,4,7
UnitedStates,-87.897,42.1675	0,4,7
UnitedStates,-87.9065,43.0389	-1,17,7
UnitedStates,-88.0198,44.5192	0,18,7
UnitedStates,-88.0481,42.1528	-1,2,7
UnitedStates,-88.2073,40.1106	2,2,7
UnitedStates,-88.2167,39.7667	-2,4,7
UnitedStates,-88.3515,41.6828	-4,1,7
UnitedStates,-88.4626,44.1858	-3,20,7
UnitedStates,-88.5673,43.1733	-2,6,7
UnitedStates,-88.8853,30.396	0,11,7
UnitedStates,-88.9329,42.1	-5,10,7
UnitedStates,-88.9878,35.2562	2,4,7
UnitedStates,-89.0021,42.3192	2,3,7
UnitedStates,-89.0187,42.6828	0,4,7
UnitedStates,-89.2573,38.0103	-2,16,7
UnitedStates,-89.2903,31.3271	-1,8,7
UnitedStates,-89.3501,37.7667	-1,6,7
UnitedStates,-89.3984,30.3516	0,20,7
UnitedStates,-89.6812,32.7673	-1,311,7
UnitedStates,-89.9168,42.0667	-6,6,7
UnitedStates,-89.9779,31.3157	2,6,7
UnitedStates,-90.4056,32.8551	-1,1,7
UnitedStates,-90.5773,30.4674	0,6,7
UnitedStates,-90.6835,41.5125	-4,52,7
UnitedStates,-91.694,34.1823	-1,14,7
UnitedStates,-91.8749,31.1801	-1,503,7
UnitedStates,-92.0032,34.2284	-5,4,7
UnitedStates,-92.0198,30.2241	-1,10,7
UnitedStates,-92.1066,46.7833	2,8,7
UnitedStates,-92.3809,34.9513	-2,2564,7
UnitedStates,-92.4024,36.3467	-4,2,7
UnitedStates,-93.0952,44.9558	3,20,7
UnitedStates,-93.2138,39.6131	-2,8,7
UnitedStates,-93.2638,44.98	-4,66,7
UnitedStates,-93.2982,37.2153	0,8,7
UnitedStates,-93.3327,45.0761	0,3,7
UnitedStates,-93.5835,41.6833	3,2,7
UnitedStates,-93.6266,39.7436	-1,14,7
UnitedStates,-93.6519,41.6014	-2,1,7
UnitedStates,-94.0971,33.439	0,4,7
UnitedStates,-94.306,35.3123	-1,17,7
UnitedStates,-94.3985,35.3859	1,2,7
UnitedStates,-94.7169,39.1167	1,1,7
UnitedStates,-94.7355,37.0237	-1,8,7
UnitedStates,-94.7405,32.5007	-8,4,7
UnitedStates,-94.8669,38.8667	1,5,7
UnitedStates,-94.9155,29.3941	-2,68,7
UnitedStates,-95.1236,29.794	-1,8,7
UnitedStates,-95.3597,28.9541	-2,6,7
UnitedStates,-95.4002,29.8336	-4,684,7
UnitedStates,-95.4193,29.748	0,14,7
UnitedStates,-95.4344,29.0339	0,2,7
UnitedStates,-95.5456,44.81	-3,4,7
UnitedStates,-95.5691,29.0444	-5,1,7
UnitedStates,-95.6391,31.1838	-2,1,7
UnitedStates,-95.7822,48.0202	0,16,7
UnitedStates,-95.8852,32.6982	-5,6,7
UnitedStates,-95.983,28.5947	-5,26,7
UnitedStates,-95.9836,28.6142	-3,61,7
UnitedStates,-96.1169,33.6001	-7,2,7
UnitedStates,-96.3025,37.3628	-1,8,7
UnitedStates,-96.4025,32.6118	0,8,7
UnitedStates,-96.4828,31.6596	0,8,7
UnitedStates,-96.5383,32.6396	1,4,7
UnitedStates,-96.8005,38.5111	-2,390,7
UnitedStates,-96.8067,32.7831	-3,2574,7
UnitedStates,-96.8103,32.7901	-6,20,7
UnitedStates,-96.8233,32.744	0,4,7
UnitedStates,-96.9253,35.3273	-5,892,7
UnitedStates,-97.0,38.0	-2,15570,7
UnitedStates,-97.0536,28.0245	1,3,7
UnitedStates,-97.1194,31.5449	-1,2,7
UnitedStates,-97.3375,37.6922	-4,30,7
UnitedStates,-97.3375,37.8236	-2,5,7
UnitedStates,-97.3544,27.7156	2,6,7
UnitedStates,-97.3895,32.3629	-3,5,7
UnitedStates,-97.3964,27.8006	-4,212,7
UnitedStates,-97.4781,27.6884	-7,20,7
UnitedStates,-97.5389,35.4945	-1,10,7
UnitedStates,-97.6699,30.1945	-4,283,7
UnitedStates,-97.6783,27.972	-2,10,7
UnitedStates,-97.7831,26.4815	-4,16,7
UnitedStates,-97.9414,29.8833	-3,1375,7
UnitedStates,-98.0336,30.0502	-5,1462,7
UnitedStates,-98.0669,29.1669	-1,1,7
UnitedStates,-98.2883,41.1289	-2,1152,7
UnitedStates,-98.4434,29.5291	-3,1,7
UnitedStates,-98.4934,33.9137	-5,160,7
UnitedStates,-98.4936,29.4241	-1,214,7
UnitedStates,-98.5028,33.9854	0,1,7
UnitedStates,-98.569,44.0833	0,10,7
UnitedStates,-98.9306,41.4956	2,2,7
UnitedStates,-99.4379,44.0686	-3,104,7
UnitedStates,-99.793,47.5362	-1,146,7
Uzbekistan,66.9597,39.6542	0,2,7
Vanuatu,168.0,-15.5	-3,2,7
Venezuela,-66.9167,10.5	-2,522,7
Venezuela,-69.9114,11.0262	-1,2,7
Venezuela,-71.6406,10.6317	-6,41,7
Vietnam,105.283,18.8667	0,2,7
Vietnam,105.917,10.25	-3,12,7
Vietnam,106.346,9.84778	-1,8,7
Vietnam,107.0,16.0	-11,1,7
Vietnam,107.183,16.7667	5,2,7
Vietnam,107.4,16.4833	-2,1,7
Vietnam,107.9,11.8833	-4,16,7
Vietnam,108.221,16.0678	0,19,7
Vietnam,109.2,12.2167	-2,1,7
WestBank,35.1773,31.8984	-2,175,7
WestBank,35.1955,31.9026	-1,33,7
WestBank,35.2038,31.7049	-2,39,7
WestBank,35.2624,31.7103	-5,6,7
WesternSahara,-13.0,24.5	-3,17,7
WesternSahara,-13.1625,27.135	0,2,7
Yemen,43.532,15.4478	-7,54,7
Yemen,43.804,16.2371	-10,42,7
Yemen,44.0484,13.9777	-3,16,7
Yemen,44.0833,13.2667	-2,2,7
Yemen,44.2052,15.3533	-1,19,7
Yemen,44.2338,14.0312	-7,13,7
Yemen,44.9802,12.7847	-5,1,7
Yemen,45.3253,15.461	0,62,7
Yemen,45.3486,15.4207	0,3,7
Yemen,45.9097,14.544	-3,3,7
Zambia,23.1047,-13.5432	-3,8,7
Zambia,28.0,-13.0	-1,16,7
Zambia,30.6667,-9.11667	1,8,7
Zambia,32.25,-14.0667	-3,10,7
Zimbabwe,30.0,-20.0	-1,524,7
Zimbabwe,31.4396,-19.3208	-7,3,7
Zimbabwe,32.1284,-18.5279	-6,4,7
Zimbabwe,32.75,-18.5833	2,3,7
