Afghanistan,63.75,35.0	-6,13,7
Afghanistan,65.0,33.0	-3,6835,7
Afghanistan,65.0459,31.6061	-2,12,7
Afghanistan,66.0074,32.0805	-1,1,7
Afghanistan,66.6362,31.1327	-4,2645,7
Afghanistan,67.8273,34.8216	-6,11,7
Afghanistan,68.304,34.7236	-5,1,7
Afghanistan,68.75,32.4167	-3,16,7
Afghanistan,68.857,36.729	-4,362,7
Afghanistan,69.0227,33.9953	-12,10,7
Afghanistan,69.265,34.9669	1,11,7
Afghanistan,69.9204,33.3395	2,17,7
Afghanistan,71.1559,34.8764	-13,4,7
Albania,20.1475,40.0467	-5,34,7
Algeria,3.0,28.0	-5,919,7
Argentina,-57.5575,-38.0023	-6,5,7
Argentina,-62.9967,-40.8135	-8,24,7
Argentina,-64.1833,-31.4	0,1,7
Armenia,44.4059,40.5675	3,7,7
Armenia,44.8175,39.9125	-3,10,7
Armenia,45.0,40.0	-1,569,7
Armenia,45.367,40.9815	-5,2,7
Australia,115.54,-31.9903	-1,104,7
Australia,115.661,-30.6765	5,40,7
Australia,115.808,-31.9833	-2,34,7
Australia,115.817,-33.2569	0,700,7
Australia,115.833,-31.9333	-2,447,7
Australia,121.333,-30.4833	2,8,7
Australia,136.833,-31.1998	0,18,7
Australia,138.017,-33.1918	-2,24,7
Australia,138.6,-34.9333	-2,120,7
Australia,141.833,-37.6667	-3,4,7
Australia,142.25,-10.5	-8,16,7
Australia,142.467,-10.7167	-2,43,7
Australia,142.488,-38.3818	1,26,7
Australia,143.15,-37.0167	2,2,7
Australia,143.338,-37.9527	-1,95,7
Australia,143.863,-37.5627	-1,53,7
Australia,143.883,-18.7833	0,5,7
Australia,144.326,-38.3308	3,17,7
Australia,144.65,-38.3	0,192,7
Australia,144.967,-37.8167	-2,779,7
Australia,145.2,-37.9833	-1,16,7
Australia,145.35,-37.8333	-4,4,7
Australia,145.35,-41.9333	-3,7,7
Australia,145.399,-36.3805	-9,49,7
Australia,145.467,-36.35	-2,14,7
Australia,145.783,-41.2667	-12,10,7
Australia,146.033,-17.6333	-4,2,7
Australia,146.888,-36.1218	-6,8,7
Australia,146.94,-41.49	-6,184,7
Australia,147.135,-41.4388	0,5,7
Australia,147.298,-42.8088	2,8,7
Australia,147.45,-42.3333	-12,10,7
Australia,147.683,-42.8667	-1,12,7
Australia,149.217,-35.2833	-3,6792,7
Australia,150.506,-23.3803	-7,24,7
Australia,150.6,-34.9667	-4,10,7
Australia,150.744,-23.1268	-2,2,7
Australia,150.852,-34.6683	1,20,7
Australia,150.967,-33.8833	-2,72,7
Australia,150.986,-34.2261	0,40,7
Australia,151.017,-34.0667	2,12,7
Australia,151.033,-33.9167	-3,25,7
Australia,151.112,-29.774	-1,6,7
Australia,151.117,-33.8833	8,10,7
Australia,151.151,-34.085	0,8,7
Australia,151.166,-33.8761	-4,12,7
Australia,151.167,-33.8167	1,21,7
Australia,151.201,-33.8652	0,144,7
Australia,151.217,-33.8833	-2,15511,7
Australia,151.35,-23.9167	-6,36,7
Australia,151.738,-29.7348	0,70,7
Australia,151.954,-27.5606	-1,279,7
Australia,152.348,-24.8662	-1,8,7
Australia,152.75,-28.1833	-9,17,7
Australia,152.909,-31.4308	0,158,7
Australia,153.0,-26.5	3,20,7
Australia,153.09,-26.3943	2,10,7
Australia,153.268,-29.8616	2,140,7
Australia,153.5,-28.5524	-4,2,7
Austria,12.1667,47.5833	-2,20,7
Austria,13.0333,47.8	-6,573,7
Austria,13.9833,48.45	0,2,7
Azerbaijan,45.0799,41.2097	-5,2,7
Azerbaijan,47.5,40.5	-2,93,7
Azerbaijan,47.6186,39.7756	1,6,7
Bahamas,-75.1117,23.2167	-2,2,7
Bahamas,-75.815,22.3708	-5,6,7
Bahamas,-77.4,25.0333	-2,11,7
Bahamas,-78.7,26.5333	-1,32,7
Bahrain,50.4597,26.2097	-6,3,7
Bahrain,50.55,26.0	-3,543,7
Bangladesh,88.6405,24.3711	2,3,7
Bangladesh,88.9077,23.048	-1,19,7
Bangladesh,88.9488,26.3087	0,2,7
Bangladesh,89.3667,23.6	-4,3,7
Bangladesh,89.3667,23.8667	-2,284,7
Bangladesh,89.8,22.6667	-3,4,7
Bangladesh,90.4,23.7667	-6,20,7
Bangladesh,90.6,24.3833	2,7,7
Bangladesh,91.1253,22.4044	-5,671,7
Bangladesh,91.2189,23.8617	0,2,7
Bangladesh,91.4333,22.7667	-6,8,7
Bangladesh,91.4333,22.9167	-4,10,7
Bangladesh,91.8117,22.6067	1,2,7
Bangladesh,92.2262,22.1965	0,4,7
Bangladesh,92.3058,20.8624	-5,55,7
Belarus,27.5667,53.9	0,92,7
Belarus,27.95,54.3333	-6,2,7
Belarus,30.2049,55.1904	1,8,7
Belgium,2.91185,51.2234	-3,20,7
Belgium,4.33333,50.8333	-3,2455,7
Belgium,4.94619,50.9191	-5,14,7
Belgium,5.79353,50.6408	1,744,7
Belize,-88.7333,16.2167	-1,20,7
Belize,-88.7667,17.25	-4,8,7
Belize,-88.9667,17.1833	-2,10,7
Bhutan,90.5,27.5	0,456,7
Bosnia-Herzegovina,18.0,44.0	-1,155,7
Bosnia-Herzegovina,19.1438,43.6471	-3,1,7
Bosnia-Herzegovina,19.2967,44.1075	-5,28,7
Botswana,25.0132,-17.845	3,20,7
Botswana,25.9119,-24.6464	0,14,7
Botswana,26.0,-22.0	-8,46,7
Brazil,-34.9,-8.05	0,108,7
Brazil,-40.15,-19.85	-1,8,7
Brazil,-40.9333,-14.95	3,2,7
Brazil,-41.9167,-21.5667	-5,4,7
Brazil,-43.2333,-22.9	-4,85,7
Brazil,-46.5333,-23.4667	-1,2,7
Brazil,-50.1667,-22.1333	3,6,7
Brazil,-54.1,-23.7667	3,2,7
Brazil,-55.0,-10.0	-3,572,7
Bulgaria,23.2833,41.5667	3,58,7
Bulgaria,24.3333,42.2167	0,5,7
Bulgaria,24.75,42.15	2,2,7
Bulgaria,25.0,43.0	-3,676,7
Bulgaria,25.3667,41.5833	-4,3,7
Bulgaria,26.0833,41.8333	-7,22,7
BurkinaFaso,-1.52472,12.3703	-5,127,7
Burundi,29.36,-3.37611	-5,757,7
Burundi,30.0,-3.5	-5,536,7
Burundi,30.1335,-3.6696	-4,26,7
Burundi,30.1731,-2.8441	-4,2,7
Cambodia,103.198,13.1027	0,22,7
Cambodia,104.144,13.6234	-6,200,7
Cambodia,104.917,11.55	-2,4348,7
Cameroon,11.5167,3.86667	-2,62,7
Cameroon,12.0,6.0	-3,222,7
Cameroon,13.8586,10.577	-2,173,7
Cameroon,13.9135,11.1825	-7,5,7
Cameroon,14.0,4.0	-3,10,7
Cameroon,14.4333,5.75	-4,5,7
Canada,-100.817,50.6667	-1,20,7
Canada,-102.467,51.2167	-1,4,7
Canada,-103.867,50.5333	1,5,7
Canada,-105.55,50.4	-2,15,7
Canada,-105.783,54.05	-1,5,7
Canada,-110.683,50.0333	0,78,7
Canada,-111.2,51.5333	-5,10,7
Canada,-111.383,56.7333	3,6,7
Canada,-113.2,55.25	-5,2,7
Canada,-113.75,52.35	1,54,7
Canada,-113.95,49.4833	0,3,7
Canada,-114.083,51.0833	-2,833,7
Canada,-114.15,54.6833	-1,6,7
Canada,-116.183,51.4333	-2,12,7
Canada,-117.0,50.0	-2,5,7
Canada,-118.4,56.0667	0,51,7
Canada,-119.35,50.3667	0,27,7
Canada,-119.483,49.9	0,27,7
Canada,-119.583,49.5	0,11,7
Canada,-121.95,49.1667	5,4,7
Canada,-122.767,53.9167	-4,7,7
Canada,-122.783,49.2667	-2,292,7
Canada,-122.917,49.2167	-1,13,7
Canada,-123.15,49.7	1,2,7
Canada,-123.767,49.4667	0,8,7
Canada,-139.417,64.0667	1,2,7
Canada,-53.8,48.4333	-2,2,7
Canada,-57.9333,48.95	0,2,7
Canada,-58.5667,48.55	1,16,7
Canada,-59.9833,45.9167	3,8,7
Canada,-62.6333,45.5833	-4,6,7
Canada,-63.0333,45.4167	-2,4,7
Canada,-63.1167,46.25	-1,8,7
Canada,-64.3167,44.3667	1,7,7
Canada,-67.4833,46.4	0,5,7
Canada,-68.5667,70.45	5,10,7
Canada,-70.8667,46.3	-1,10,7
Canada,-71.2667,46.8667	2,6,7
Canada,-72.0,47.5	-1,1843,7
Canada,-72.9833,45.1167	-1,10,7
Canada,-73.6,45.4833	0,9,7
Canada,-75.6833,44.5833	0,2,7
Canada,-75.9167,45.25	2,10,7
Canada,-77.2833,45.9	-1,2,7
Canada,-79.05,43.1	0,56,7
Canada,-79.3667,43.7	-4,3,7
Canada,-79.4333,43.8667	9,12,7
Canada,-79.5667,43.7	0,3,7
Canada,-79.65,43.5333	0,3,7
Canada,-79.9333,46.3667	-4,8,7
Canada,-80.0833,43.9167	2,13,7
Canada,-86.0,50.0	0,4,7
Canada,-94.05,61.1167	3,5,7
Canada,-99.45,50.2333	0,17,7
CentralAfricanRepublic,18.5833,4.36667	-3,568,7
CentralAfricanRepublic,21.0,7.0	-3,77,7
Chad,15.0482,12.1085	-4,265,7
Chad,17.0983,11.3356	-7,10,7
Chad,19.0,15.0	-2,277,7
Chad,20.8167,13.8167	-5,6,7
Chile,-72.6586,-41.4523	-9,2,7
Chile,-73.1273,-41.768	-5,7,7
Chile,-74.1778,-42.9389	-4,84,7
China,100.033,23.9	-1,83,7
China,103.422,34.583	-2,29,7
China,105.083,33.7242	3,40,7
China,105.48,35.1221	-1,22,7
China,105.652,27.6136	0,4,7
China,108.693,34.5094	0,99,7
China,109.431,18.3449	0,12,7
China,111.631,25.2386	0,10,7
China,112.669,35.7142	-1,6,7
China,113.729,33.3913	-8,29,7
China,113.884,25.1404	-4,2,7
China,114.942,22.9614	-3,18,7
China,115.605,27.7057	-2,5,7
China,115.861,26.2781	1,6,7
China,116.388,39.9289	-2,2661,7
China,116.391,39.9072	-2,18,7
China,116.951,34.1845	-1,8,7
China,118.224,30.7962	-3,2,7
China,118.531,31.5976	-1,2,7
China,118.75,29.7389	-2,3,7
China,118.852,32.9793	-6,5,7
China,119.14,26.7181	0,7,7
China,119.306,26.0614	4,5,7
China,120.169,30.2553	0,10,7
China,120.372,36.0986	1,2,7
China,120.618,31.3114	-5,14,7
China,123.433,41.7922	-5,1,7
China,89.1667,42.9333	0,5,7
ChristmasIsland,105.667,-10.5	-4,93,7
Colombia,-72.0,4.0	-2,199,7
Colombia,-74.0833,4.6	-1,224,7
Colombia,-74.1567,10.0343	-4,10,7
Colombia,-75.5144,10.3997	-6,20,7
Colombia,-75.5663,6.27611	-2,1595,7
Congo,14.3664,-3.27944	-5,4,7
Congo,15.0,-1.0	-3,806,7
CostaRica,-83.9469,9.82031	-4,6,7
CotedIvoire,-5.0,8.0	-3,143,7
Croatia,16.9117,45.2717	-5,10,7
Croatia,17.3458,42.94	-3,432,7
Croatia,17.8,45.5667	0,9,7
Croatia,18.0156,45.1603	-3,5,7
Croatia,18.6036,45.77	-6,56,7
Croatia,19.1708,45.2606	-3,734,7
Cuba,-75.2092,20.1444	0,8,7
Cuba,-75.3833,20.2667	-2,26,7
Cuba,-76.1833,20.3167	0,16,7
Cuba,-77.5167,21.4167	0,26,7
Cuba,-78.7692,21.8719	-3,2,7
Cuba,-79.4167,22.0833	-3,4,7
Cuba,-79.5333,22.5	-5,4,7
Cuba,-81.1664,22.18	-2,44,7
Cuba,-81.9961,22.8453	-2,6,7
Cuba,-82.6167,22.8167	-5,6,7
Cuba,-83.4358,22.3958	0,14,7
Cuba,-83.6981,22.4175	-3,36,7
Cyprus,33.0,35.0	-3,557,7
Cyprus,33.2,35.1542	-4,10,7
Cyprus,33.3167,35.3417	-2,8,7
Cyprus,33.3875,34.825	-3,10,7
Cyprus,33.5125,35.1333	0,5,7
Cyprus,33.8917,35.175	-4,5,7
CzechRepublic,15.245,49.0821	-2,4,7
CzechRepublic,15.5,49.75	-4,685,7
CzechRepublic,17.0957,49.8394	-2,12,7
CzechRepublic,18.4513,49.6382	-5,20,7
Czechoslovakia,18.0873,48.309	-3,20,7
DemocraticRepublicoftheCongo,15.315,-4.32972	-3,8,7
DemocraticRepublicoftheCongo,25.0,0.0	-4,25,7
DemocraticRepublicoftheCongo,29.0181,-1.7075	-4,2,7
DemocraticRepublicoftheCongo,29.0333,-2.86667	-3,10,7
Denmark,10.0,56.0	-1,997,7
Denmark,11.3889,54.695	-8,8,7
Denmark,12.5784,55.5741	-5,5,7
DominicanRepublic,-69.5428,19.311	2,4,7
DominicanRepublic,-70.6667,19.0	-1,1050,7
DominicanRepublic,-70.6833,19.8	3,1,7
Ecuador,-77.5,-2.0	-4,12920,7
Ecuador,-77.9833,-1.46667	-2,3,7
Ecuador,-78.6167,-1.25	-1,10,7
Ecuador,-80.4667,-2.03333	0,6,7
Egypt,25.5275,29.1923	0,8,7
Egypt,29.9192,31.1981	0,123,7
Egypt,30.0,27.0	-2,2290,7
Egypt,30.2,30.6	-7,3,7
Egypt,30.7503,28.1099	-6,4,7
Egypt,31.0067,31.1453	1,8,7
Egypt,31.139,30.7279	-2,10,7
Egypt,31.2122,30.0086	-1,30,7
Egypt,31.2252,30.057	0,20,7
Egypt,31.2332,30.0445	-2,11,7
Egypt,31.2374,30.0391	-5,10,7
Egypt,31.2395,30.0525	-5,5,7
Egypt,32.5628,29.9314	0,6,7
Egypt,34.2369,31.2878	-6,3,7
Egypt,34.305,27.8518	-4,15,7
Egypt,34.8448,26.3149	-5,30,7
ElSalvador,-88.9167,13.8333	-3,157,7
ElSalvador,-89.7242,13.7189	-1,3,7
Eritrea,37.5447,15.4839	-3,28,7
Ethiopia,35.9833,4.51667	-1,20,7
Ethiopia,36.7167,10.15	-2,13,7
Ethiopia,39.0833,6.03333	-2,10,7
Ethiopia,39.15,10.3	-2,6,7
Ethiopia,39.1667,11.1667	0,2,7
Ethiopia,39.2667,8.55	-9,2,7
Ethiopia,39.3333,8.56667	-2,57,7
Ethiopia,41.0,9.2	3,10,7
Ethiopia,44.0,8.0	1,10,7
Fiji,177.467,-17.6167	2,3,7
Fiji,178.1,-19.15	-2,20,7
Fiji,178.417,-18.1333	2,65,7
Finland,22.15,60.45	-2,10,7
Finland,22.6,60.3167	-3,6,7
Finland,24.3333,60.4167	-1,4,7
Finland,24.4333,60.1167	-4,2,7
Finland,25.0333,60.4167	-1,6,7
Finland,25.7167,66.5	-2,16,7
Finland,28.3167,64.45	-2,5,7
Finland,28.4,65.35	-5,16,7
Finland,28.7667,61.1667	-4,5,7
France,0.067724,49.3568	0,8,7
France,0.23591,46.0653	4,6,7
France,0.333333,46.5833	0,1,7
France,1.5792,50.6333	1,2,7
France,1.91667,50.1667	-5,13,7
France,2.35607,48.8821	-3,75,7
France,2.35992,48.7939	-3,1,7
France,2.43333,45.2	2,6,7
France,2.44533,48.9258	-7,9,7
France,2.54903,48.8537	-5,8,7
France,2.67126,44.5555	-5,1,7
France,2.74443,43.3535	-4,1,7
France,2.91912,48.8193	2,8,7
France,3.39452,47.8425	0,3,7
France,3.42347,46.1283	-4,8,7
France,3.44329,43.281	-1,10,7
France,4.10992,46.0505	-10,5,7
France,4.37332,46.4526	0,4,7
France,5.10924,45.6305	-3,6,7
France,5.72534,45.1998	2,6,7
France,6.59655,49.2801	-1,4,7
France,7.13672,43.5599	-1,16,7
FrenchPolynesia,-149.45,-17.6167	2,8,7
Gambia,-16.5775,13.4531	-4,189,7
Gambia,-16.6983,13.43	-7,24,7
GazaStrip,126.321,8.73308	0,149,7
GazaStrip,34.2311,31.3292	-8,5,7
GazaStrip,34.4411,31.5119	-1,222,7
GazaStrip,34.4835,31.5272	-4,18,7
Georgia,41.6339,41.6423	-3,2,7
Georgia,42.6999,42.2639	4,2,7
Germany,10.1,51.9833	-2,4,7
Germany,10.1333,52.9333	0,2,7
Germany,10.4,49.3	-7,30,7
Germany,10.6333,50.6167	-1,2,7
Germany,10.8333,48.2667	-2,98,7
Germany,10.9833,53.15	2,10,7
Germany,11.0683,49.4478	-2,14,7
Germany,11.45,48.2	1,5,7
Germany,11.5,49.55	-6,55,7
Germany,11.5833,49.6667	0,4,7
Germany,11.5833,53.3833	-5,10,7
Germany,11.75,47.6167	3,10,7
Germany,11.85,48.8167	-4,10,7
Germany,12.1733,49.7314	-8,223,7
Germany,12.2,50.65	-6,27,7
Germany,12.2167,51.4	-5,4,7
Germany,12.35,51.5333	-9,16,7
Germany,12.5,50.7333	-4,2538,7
Germany,12.8833,52.6	-7,140,7
Germany,12.9167,50.8333	-5,5,7
Germany,12.95,50.5667	-11,20,7
Germany,12.9667,48.8333	-3,243,7
Germany,12.9833,47.85	-4,45,7
Germany,13.0667,50.6333	-9,10,7
Germany,13.15,52.4167	0,1,7
Germany,13.3667,52.5167	-2,12,7
Germany,13.4833,48.5833	-5,28,7
Germany,13.9333,50.9667	-2,10,7
Germany,14.25,51.4333	-7,56,7
Germany,14.55,52.35	-1,236,7
Germany,6.65,50.6	-1,10,7
Germany,6.73333,51.45	-3,46,7
Germany,6.96083,49.4047	0,1,7
Germany,7.16667,50.8167	1,10,7
Germany,7.7,50.0833	-3,2,7
Germany,7.73333,52.2667	0,3,7
Germany,7.98333,52.4	-1,37,7
Germany,8.38583,49.0047	-5,124,7
Germany,8.58333,50.4167	-3,10,7
Germany,8.68333,50.1167	-9,118,7
Germany,8.91667,48.3167	-4,115,7
Germany,8.93333,48.4667	-5,416,7
Germany,9.0,51.0	-3,17623,7
Germany,9.0,53.8333	1,11,7
Germany,9.03333,48.4	-3,1,7
Germany,9.18333,47.6667	-2,10,7
Germany,9.36667,51.4	-8,21,7
Germany,9.48333,47.65	6,8,7
Germany,9.5,48.6	-4,2,7
Germany,9.95,52.3167	-3,10,7
Germany,9.96667,52.15	-2,38,7
Ghana,-0.622963,5.34357	-1,60,7
Ghana,-2.25,10.3333	0,8,7
Greece,20.6667,39.75	1,1,7
Greece,21.7428,39.5628	0,1,7
Greece,21.8275,38.3917	-3,6,7
Greece,22.1142,37.0389	-3,2,7
Greece,22.4333,37.0667	1,5,7
Greece,22.5061,41.1194	-3,12,7
Greece,22.8667,37.1167	2,9,7
Greece,22.9503,40.5825	-1,8,7
Greece,23.7333,37.9833	-4,6575,7
Greece,24.0565,37.7144	-4,6,7
Greece,25.95,35.1667	4,460,7
Greece,26.0986,35.2	-5,5,7
Greece,26.1358,38.3678	-4,210,7
Greece,26.1675,41.1806	-6,10,7
Greece,26.25,39.1667	-5,23547,7
Greece,26.5547,39.11	-5,631,7
Greece,26.9833,36.95	-6,1130,7
Greece,27.1711,36.8122	-1,8,7
Greece,29.5936,36.1489	-6,38,7
Guatemala,-89.0,15.65	-5,10,7
Guatemala,-90.5269,14.6211	-1,66,7
Guatemala,-91.5,14.5333	-5,5,7
Guinea-Bissau,-15.5833,11.85	-7,20,7
Haiti,-71.9,18.5	-2,8,7
Haiti,-72.0161,19.6908	-1,10,7
Honduras,-87.2167,14.1	-5,8,7
HongKong,114.083,22.4167	-6,15,7
HongKong,114.133,22.2833	0,78,7
HongKong,114.25,22.1667	-6,5,7
Hungary,17.6615,46.4742	0,1,7
Hungary,19.0833,47.5	-4,9666,7
Hungary,19.8637,46.2884	-4,8,7
Hungary,20.0,47.0	-4,11771,7
Hungary,21.1167,47.0833	-4,13,7
Hungary,21.2833,46.65	-4,5,7
Hungary,21.6333,47.5333	-3,25,7
Iceland,-20.2498,63.4327	0,8,7
Iceland,-21.5936,64.1842	0,8,7
Iceland,-21.95,64.15	-1,65,7
Iceland,-22.25,63.9167	1,30,7
India,70.4667,21.5167	-5,20,7
India,71.25,26.1833	-3,12,7
India,72.8167,20.1833	4,20,7
India,72.9,20.9667	-5,4,7
India,73.3,19.45	-2,6,7
India,73.8667,18.5333	0,26,7
India,73.8833,15.7333	-6,20,7
India,74.0333,15.1667	-3,6,7
India,74.4667,34.3	-3,2,7
India,74.8656,31.6331	-5,27,7
India,74.8667,32.7333	0,404,7
India,75.5167,32.3667	1,6,7
India,75.7667,23.1833	0,12,7
India,76.0,13.5	0,49,7
India,76.6167,28.1833	-5,2,7
India,76.6667,33.9167	-1,136,7
India,76.8333,17.3333	-4,3,7
India,76.9719,29.3925	-5,2,7
India,77.0,20.0	-1,810,7
India,77.0167,28.9833	-1,4,7
India,77.1333,28.6833	-12,6,7
India,77.9667,24.6333	0,4,7
India,78.1333,8.78333	-4,1,7
India,78.3049,24.9038	0,5,7
India,78.3167,30.1167	3,4,7
India,78.5,23.5	-1,2,7
India,78.55,28.5833	-6,1,7
India,78.5822,29.8675	2,4,7
India,78.8333,9.38333	-9,4,7
India,79.0333,29.3167	-2,310,7
India,79.3,9.28333	-5,8,7
India,79.3583,27.0529	-3,52,7
India,79.5,18.0	0,12,7
India,80.2014,13.0722	-3,5,7
India,80.2167,29.5833	-2,12,7
India,80.75,27.25	-4,64,7
India,81.75,21.5	-3,35,7
India,82.7167,18.8167	-3,12,7
India,83.0,19.75	-3,83,7
India,84.2333,20.0667	-3,4,7
India,85.3333,23.35	0,14,7
India,85.3667,24.2	0,10,7
India,85.5167,25.1833	-2,45,7
India,85.5833,21.6333	-3,6,7
India,86.1833,22.8	1,10,7
India,88.3697,22.5697	-1,147,7
India,90.2718,26.399	-8,8,7
India,90.3333,25.5	-6,2,7
India,92.4333,24.8167	-4,8,7
India,92.4667,22.9167	-1,2,7
India,92.7,24.2333	-1,6,7
India,92.7667,24.8667	-4,10,7
India,92.8,24.8167	-4,7,7
Indonesia,103.833,-2.75	-3,8,7
Indonesia,106.741,-6.32528	-3,18,7
Indonesia,106.829,-6.17444	-3,1199,7
Indonesia,107.461,-6.91528	-7,65,7
Indonesia,107.619,-6.90389	-2,10,7
Indonesia,109.183,1.61667	-4,36,7
Indonesia,109.819,-6.955	-2,2,7
Indonesia,110.493,-7.33194	-4,10,7
Indonesia,111.061,-7.32306	-5,10,7
Indonesia,111.392,-7.8204	-3,1,7
Indonesia,112.311,-7.1813	-7,2,7
Indonesia,112.751,-7.24917	1,57,7
Indonesia,120.0,-9.0	-2,76,7
Indonesia,124.845,1.487	-2,10,7
Indonesia,127.3,-0.516667	0,2,7
Indonesia,95.8797,5.2286	-4,10,7
Indonesia,96.3003,4.205	-2,20,7
Indonesia,97.0832,5.1212	-4,23,7
Indonesia,97.2248,5.1157	-4,3,7
Indonesia,97.978,4.2499	-1,4,7
Indonesia,98.4908,3.1001	-4,9,7
Indonesia,99.0,2.0	-4,6857,7
Iran,48.7031,32.1803	0,10,7
Iran,51.2582,34.0239	0,2,7
Iran,51.5211,32.7002	0,10,7
Iran,51.8771,36.1285	-3,2,7
Iran,51.9266,33.4964	-1,2,7
Iran,52.5388,29.6036	0,6,7
Iran,57.7406,28.678	0,10,7
Iran,59.6062,36.297	-3,47,7
Iraq,42.9168,34.923	2,7,7
Iraq,43.1807,36.5085	-6,5,7
Iraq,43.5525,35.0636	-7,2,7
Iraq,43.6386,36.1179	-1,2,7
Iraq,43.6786,34.6158	-3,65,7
Iraq,43.7167,33.3667	-4,141,7
Iraq,44.3922,35.4681	-2,67,7
Iraq,44.3939,33.3386	-3,970,7
Iraq,44.6326,34.8881	-1,2,7
Iraq,44.6437,33.7466	-4,4,7
Iraq,44.95,31.7	0,10,7
Iraq,45.58,35.4224	-1,2,7
Iraq,45.6318,32.3404	-7,7,7
Iraq,45.9679,35.182	-3,2,7
Iraq,47.3,31.75	-5,4,7
Ireland,-6.21139,53.335	1,2,7
Ireland,-6.4575,52.3342	3,5,7
Ireland,-6.47389,52.5867	-2,10,7
Ireland,-6.55778,52.5008	0,1,7
Ireland,-6.59361,53.385	-4,1,7
Ireland,-6.74306,53.8978	-1,6,7
Ireland,-6.96667,54.25	-4,6,7
Ireland,-7.02361,53.4472	0,6,7
Ireland,-7.06639,53.1406	-2,22,7
Ireland,-7.1,53.6128	-5,14,7
Ireland,-7.15278,53.0156	-2,7,7
Ireland,-8.0,54.9167	1,3,7
Ireland,-8.11667,54.65	0,36,7
Ireland,-8.18333,53.6333	-3,7,7
Ireland,-8.25,53.75	8,8,7
Ireland,-8.28333,54.4667	-6,6,7
Ireland,-8.45556,54.7606	-1,1,7
Ireland,-8.58333,51.9667	-1,9,7
Ireland,-8.76667,53.7667	0,20,7
Ireland,-8.89306,54.2517	-1,14,7
Ireland,-8.93333,53.4833	2,5,7
Ireland,-9.71667,52.2667	3,4,7
Israel,34.2846,31.2278	-1,20,7
Israel,34.6118,31.6732	-1,2,7
Israel,34.7444,31.7108	1,12,7
Israel,34.75,31.8667	-2,10,7
Israel,34.755,31.3934	-3,197,7
Israel,34.7667,32.0667	-1,1538,7
Israel,34.8,32.0833	1,6,7
Israel,34.8033,31.9264	-7,2,7
Israel,34.8861,32.035	-1,4,7
Israel,34.8867,32.0114	-1,127,7
Israel,34.8953,31.9514	-5,4,7
Israel,34.9007,32.2927	2,10,7
Israel,34.9158,32.2402	-6,1,7
Israel,34.9281,31.9603	-1,7,7
Israel,34.9315,32.2645	1,16,7
Israel,34.9555,31.8312	-6,24,7
Israel,34.9888,31.7496	-1,8,7
Israel,35.0368,32.3851	-5,4,7
Israel,35.0992,32.5947	-4,2,7
Israel,35.1981,31.7734	0,207,7
Israel,35.2333,31.7667	0,9415,7
Israel,35.4409,32.9878	0,70,7
Israel,35.4778,32.4833	1,7,7
Israel,35.5,32.6667	-1,25,7
Israel,35.5005,32.9656	-4,4,7
Israel,35.5312,32.7922	2,38,7
Israel,35.5928,32.8072	-1,18,7
Italy,11.0,44.75	3,10,7
Italy,11.3333,46.5	-5,2,7
Italy,11.95,36.8333	-3,7,7
Italy,12.1167,42.7167	-1,10,7
Italy,12.2214,46.145	-3,10,7
Italy,12.5,43.0	1,7,7
Italy,12.6167,42.5667	-6,6,7
Italy,12.6167,43.0667	0,34,7
Italy,12.8333,42.8333	-3,8343,7
Italy,13.8833,41.6333	1,10,7
Italy,14.2833,42.2167	0,5,7
Italy,15.4333,38.05	3,6,7
Italy,15.5667,41.2	0,1,7
Italy,15.65,38.1	-7,38,7
Italy,16.1,38.6667	-3,2,7
Italy,9.01361,39.1431	-6,20,7
Jamaica,-76.7428,18.2382	0,8,7
Jamaica,-76.9574,17.9911	3,2,7
Japan,125.0,29.0	0,2,7
Japan,130.6,32.7	-5,7,7
Japan,137.083,37.1	0,3,7
Japan,137.15,35.4667	0,2,7
Japan,140.1,36.2	-1,634,7
Japan,141.0,39.0	-5,1,7
Japan,143.717,43.9333	3,6,7
Japan,144.25,44.0667	2,8,7
Jersey,-2.20556,49.2267	-2,8,7
Jordan,35.7047,31.1847	2,2,7
Jordan,36.8153,31.8327	-3,183,7
Kazakhstan,51.8833,47.1167	0,1,7
Kazakhstan,60.35,48.4	-1,5,7
Kazakhstan,68.4167,40.95	-2,2,7
Kazakhstan,71.4278,51.1811	2,6,7
Kazakhstan,72.9203,42.9131	-2,5,7
Kenya,36.0667,-0.283333	0,12,7
Kenya,36.75,-1.26667	-1,2,7
Kenya,36.7768,-1.85238	-5,2,7
Kenya,36.8167,-1.28333	-3,938,7
Kenya,36.9476,-0.420132	-4,42,7
Kenya,40.25,-0.5	-5,16,7
Kenya,40.25,1.0	-5,50,7
Kiribati,173.0,1.4167	-2,47,7
Kuwait,48.0761,29.3339	-2,18,7
Laos,103.167,19.45	-1,4,7
Laos,105.0,18.0	-4,67,7
Latvia,24.1,56.95	0,19,7
Lebanon,35.3689,33.5631	-1,19,7
Lebanon,35.7753,33.8861	-3,2,7
Lebanon,35.8389,33.5281	-1,12,7
Lebanon,35.8678,34.4469	-1,22,7
Lebanon,36.0797,34.5428	-2,192,7
Lebanon,36.2186,34.0003	-5,16,7
Lebanon,36.3239,34.6231	1,9,7
Lesotho,27.3167,-29.8333	-1,2,7
Liberia,-10.2722,8.02056	2,9,7
Liberia,-7.75,4.75	3,4,7
Liberia,-9.03889,5.01111	-1,30,7
Liberia,-9.5,6.5	-3,150,7
Libya,12.7276,32.7571	-1,20,7
Libya,21.7551,32.7627	0,14,7
Liechtenstein,28.5,-29.5	-1,187,7
Lithuania,21.5333,56.2667	0,10,7
Lithuania,24.0,56.0	0,187,7
Lithuania,24.4,55.05	-2,10,7
Macedonia,21.4333,42.0	-5,1416,7
Macedonia,21.6631,42.2061	-8,2,7
Macedonia,21.7083,42.2147	-4,50,7
Macedonia,22.5025,41.1392	-5,322,7
Malawi,34.0,-13.5	0,380,7
Malawi,34.1063,-10.606	-3,10,7
Malawi,34.1167,-14.4167	-6,4,7
Malawi,34.4,-13.7833	-3,3,7
Malawi,34.8019,-16.042	2,2,7
Malawi,35.1471,-16.0703	1,8,7
Malaysia,100.483,6.31667	-5,20,7
Malaysia,102.418,3.4506	1,8,7
Malaysia,103.35,4.78333	-4,16,7
Malaysia,110.333,1.55	-3,2,7
Malaysia,112.1,2.9	1,4,7
Malaysia,115.617,3.98333	0,4,7
Malaysia,116.072,5.9749	-3,18,7
Malaysia,99.8432,6.32649	-5,446,7
Mali,-0.783333,17.0	-2,4,7
Mali,-4.0,17.0	-2,369,7
Mali,-4.19283,14.4891	-2,16,7
Mali,1.40778,18.4411	-1,8,7
Malta,14.2942,36.0378	-4,10,7
Malta,14.5147,35.8997	-2,1501,7
MarshallIslands,168.0,9.0	-4,7,7
Mauritania,-12.0,20.0	-1,315,7
Mexico,-100.367,17.85	-2,1,7
Mexico,-100.917,29.3	-4,3,7
Mexico,-101.45,25.2333	1,1,7
Mexico,-101.75,27.1667	2,10,7
Mexico,-102.0,23.0	-2,4335,7
Mexico,-103.5,18.3167	-5,59,7
Mexico,-104.55,21.3333	-5,22,7
Mexico,-104.9,21.1375	-6,8,7
Mexico,-104.967,24.85	-5,30,7
Mexico,-105.2,20.4167	-4,32,7
Mexico,-105.267,21.5167	-2,3,7
Mexico,-105.933,25.15	1,4,7
Mexico,-106.483,31.7333	-3,67,7
Mexico,-106.817,26.5333	2,5,7
Mexico,-107.594,24.9086	-3,16,7
Mexico,-111.383,28.6	-5,62,7
Mexico,-113.3,31.6667	-4,122,7
Mexico,-89.4,21.3167	-1,8,7
Mexico,-93.8833,17.9167	-2,96,7
Mexico,-93.9417,18.1083	1,8,7
Mexico,-94.1833,16.3	-5,56,7
Mexico,-95.1014,16.5781	-3,119,7
Mexico,-96.9167,19.5333	-7,10,7
Mexico,-99.1,20.5139	1,6,7
Mexico,-99.1603,19.3289	-6,8,7
Mexico,-99.2333,22.0167	3,8,7
Micronesia,152.0,7.0	-4,172,7
Micronesia,158.25,6.9167	-4,9,7
Mongolia,106.917,47.9167	0,13,7
Morocco,-4.64143,34.5382	-8,10,7
Morocco,-5.0,32.0	-3,415,7
Morocco,-6.91616,30.9176	0,374,7
Morocco,-7.68489,31.9245	-1,2,7
Morocco,-8.25,32.15	0,8,7
Mozambique,34.3906,-17.9644	-2,660,7
Mozambique,39.7069,-12.9036	-3,56,7
Myanmar,94.3167,24.25	2,2,7
Myanmar,94.8833,20.4667	-2,12,7
Myanmar,94.9333,16.6	-2,9,7
Myanmar,95.1333,19.05	-7,4,7
Myanmar,95.75,17.7833	-7,110,7
Myanmar,95.9,21.0667	-3,8,7
Myanmar,95.9833,21.8667	-4,36,7
Myanmar,96.1911,16.7769	-6,49,7
Myanmar,96.4333,18.9333	0,4,7
Myanmar,97.1667,22.9667	-1,10,7
Myanmar,97.7667,21.5833	-5,2,7
Myanmar,98.55,9.97968	-3,20,7
Namibia,23.0,-18.0	-6,10,7
Namibia,23.4167,-17.6833	-6,4,7
Namibia,23.75,-17.8333	-5,10,7
Namibia,36.2833,-18.8333	-3,24,7
Nepal,83.9877,28.2185	-2,18,7
Nepal,84.0,28.0	0,336,7
Nepal,85.35,27.6667	0,1036,7
Nepal,85.3872,27.5986	1,3,7
Nepal,85.9842,27.2799	1,16,7
Nepal,86.0877,27.3256	0,4,7
Nepal,86.9245,27.9884	-2,18,7
Nepal,87.8561,26.4845	-1,8,7
Nepal,87.8833,27.1833	-2,2,7
Netherlands,4.25,51.3667	0,8,7
Netherlands,4.31079,52.0255	-6,8,7
Netherlands,4.37815,52.0186	0,1,7
Netherlands,4.91667,52.35	-1,372,7
Netherlands,5.11909,52.0938	-5,20,7
Netherlands,5.25238,53.2523	-1,2,7
Netherlands,5.3,51.8833	-9,13,7
Netherlands,5.7179,51.2506	-2,155,7
Netherlands,6.89714,52.409	-2,11,7
NewCaledonia,165.5,-21.5	-4,2,7
NewZealand,169.5,-45.25	-1,22,7
NewZealand,169.6,-43.65	0,26,7
NewZealand,169.75,-46.2339	-2,20,7
NewZealand,172.833,-40.6667	2,1,7
NewZealand,174.733,-36.7667	0,9,7
NewZealand,174.783,-36.9167	0,10,7
NewZealand,174.783,-41.3	-2,203,7
NewZealand,175.0,-40.9167	-2,4,7
NewZealand,175.05,-39.9333	0,4,7
NewZealand,175.867,-38.2333	1,10,7
NewZealand,176.083,-38.6833	-6,22,7
NewZealand,176.217,-37.9	5,4,7
NewZealand,176.75,-38.3333	2,10,7
Nicaragua,-83.9717,14.7419	-4,180,7
Nicaragua,-86.8833,12.3667	1,1,7
Niger,12.6113,13.3154	0,660,7
Niger,2.11667,13.5167	0,57,7
Niger,5.2692,14.8888	-6,20,7
Niger,7.99111,16.9733	-8,10,7
Niger,8.0,16.0	-6,234,7
Nigeria,10.9667,11.4833	-4,94,7
Nigeria,11.4406,13.1101	-4,6,7
Nigeria,11.6421,12.6846	-2,8,7
Nigeria,12.1463,10.7312	-9,231,7
Nigeria,12.3144,11.4833	-4,4,7
Nigeria,12.847,10.8658	-1,10,7
Nigeria,13.3849,10.6159	-4,10,7
Nigeria,13.6312,10.8902	-4,225,7
Nigeria,14.1217,13.3285	-4,206,7
Nigeria,3.25,6.55	-6,7,7
Nigeria,3.35658,6.60961	0,20,7
Nigeria,3.39583,6.45306	-5,617,7
Nigeria,3.46667,6.61667	-3,12,7
Nigeria,3.58333,7.0	-4,17,7
Nigeria,3.93333,6.58333	0,2,7
Nigeria,5.0,8.5	-6,3,7
Nigeria,6.0,6.5	-1,4,7
Nigeria,6.1,9.15	-3,4,7
Nigeria,6.83333,4.75	-1,5,7
Nigeria,6.98695,4.87339	-1,2,7
Nigeria,7.57466,10.8183	-1,1,7
Nigeria,8.88333,7.08333	-1,30,7
NorthKorea,125.692,39.6844	-1,2,7
NorthKorea,125.755,39.0194	-3,317,7
Norway,10.75,59.9167	-1,325,7
Norway,10.85,59.8333	-1,4,7
Norway,11.1,60.2167	-1,8,7
Norway,11.5667,64.1167	-2,3,7
Norway,5.27194,60.5681	-4,30,7
Norway,5.75,58.9667	-3,74,7
Norway,8.16667,58.3833	-4,21,7
Norway,9.23333,62.0	1,2,7
Oceans,3.0,55.3333	-2,10,7
Oceans,35.0,43.0	-4,24,7
Oceans,50.0,42.0	0,16,7
Oman,58.4339,23.5988	2,2,7
Pakistan,62.3254,25.1216	0,20,7
Pakistan,67.0097,30.199	-1,1111,7
Pakistan,67.046,24.9237	-5,35,7
Pakistan,67.6546,30.9732	-1,3,7
Pakistan,68.1063,24.606	-5,298,7
Pakistan,68.1893,24.6322	4,3,7
Pakistan,68.414,28.7189	-2,1,7
Pakistan,68.8222,28.4389	-2,16,7
Pakistan,69.0159,25.5251	0,2,7
Pakistan,69.289,27.881	-6,4,7
Pakistan,69.6821,32.304	-3,10,7
Pakistan,69.9576,32.9509	-4,481,7
Pakistan,70.0,30.0	-2,2391,7
Pakistan,70.0,33.0	-5,32,7
Pakistan,70.573,32.9614	-1,6,7
Pakistan,70.6388,32.943	-4,10,7
Pakistan,70.7407,32.9459	0,25,7
Pakistan,70.7629,32.7899	-5,32,7
Pakistan,71.7834,35.7441	-1,2,7
Pakistan,71.8516,30.915	-4,11,7
Pakistan,72.1,32.2162	0,165,7
Pakistan,72.1751,35.3803	1,4,7
Pakistan,72.3735,31.508	-3,8,7
Pakistan,72.6786,33.6397	-7,32,7
Pakistan,72.9167,32.1133	-3,6,7
Pakistan,73.2131,32.0854	-5,6,7
Pakistan,73.2486,31.6361	0,4,7
Pakistan,73.25,31.2833	0,14,7
Pakistan,73.75,31.7333	2,6,7
Pakistan,74.3436,31.5497	-1,149,7
Panama,-80.0,9.0	-3,854,7
PapuaNewGuinea,146.937,-2.0729	-2,1219,7
PapuaNewGuinea,147.0,-6.0	-6,224,7
Peru,-77.05,-12.05	0,107,7
Philippines,120.378,15.8334	-2,2,7
Philippines,120.483,13.4333	3,16,7
Philippines,120.488,16.9018	0,10,7
Philippines,120.95,15.025	-2,2,7
Philippines,120.968,15.4867	-7,2,7
Philippines,120.982,14.6042	-1,1278,7
Philippines,122.0,13.0	-3,697,7
Philippines,122.976,10.8003	0,8,7
Philippines,123.367,10.8487	-6,1,7
Philippines,124.505,6.93111	3,8,7
Philippines,124.67,7.02484	-6,6,7
Philippines,124.8,10.3167	2,8,7
Philippines,124.882,7.21212	-2,117,7
Philippines,125.009,7.63972	-2,8,7
Philippines,125.498,7.01472	0,8,7
Philippines,125.659,5.96028	-6,10,7
Philippines,125.694,6.225	-10,4,7
Philippines,125.725,11.0333	-1,9,7
Poland,16.2843,50.7714	0,1,7
Poland,16.4045,50.7311	-5,4,7
Poland,17.0,51.0	-4,15,7
Poland,17.1246,53.0314	-8,15,7
Poland,18.7741,53.4833	-7,10,7
Poland,20.25,49.4167	-3,24,7
Poland,20.6971,49.6218	0,10,7
Poland,20.9667,49.4333	-3,8,7
Poland,22.6,51.2333	2,8,7
Poland,23.1579,50.8934	0,4,7
Portugal,-16.85,32.7833	1,6,7
Qatar,51.25,25.5	-3,269,7
Romania,23.0,44.0	-5,42,7
Romania,25.5061,44.1133	1,25,7
Russia,129.523,49.758	1,20,7
Russia,133.337,49.9123	-2,2,7
Russia,134.26,47.3617	0,158,7
Russia,143.233,51.7	-8,10,7
Russia,28.7528,60.7076	0,2,7
Russia,32.5,64.0	-7,26,7
Russia,37.7675,44.7244	-2,10,7
Russia,39.6686,43.6697	-3,4,7
Russia,39.7139,47.2364	-4,24,7
Russia,39.895,43.4683	-3,14,7
Russia,42.7944,45.5139	-4,3,7
Russia,44.5858,48.8047	-6,6,7
Russia,45.5,46.5	-1,8,7
Russia,46.0952,62.9606	1,7,7
Russia,46.8396,42.7597	-5,45,7
Russia,46.8679,43.207	-11,14,7
Russia,47.0,43.0	-6,22,7
Russia,48.5507,57.2858	-6,8,7
Russia,48.7209,46.3049	1,10,7
Russia,50.1882,61.2156	0,2,7
Russia,60.6125,56.8575	-3,8,7
Rwanda,29.7067,-2.05257	-1,37,7
Rwanda,29.8021,-2.25002	-4,37,7
Rwanda,29.878,-1.9347	-5,1,7
Rwanda,29.9304,-1.4886	0,8,7
Rwanda,30.252,-2.0647	-5,6,7
Rwanda,30.6591,-1.5238	-2,15,7
SaudiArabia,40.2667,20.8667	0,2,7
SaudiArabia,45.0,25.0	-3,2344,7
SaudiArabia,47.3288,24.1822	3,1,7
SaudiArabia,49.0577,24.1485	-7,10,7
Serbia,19.4864,43.8497	-6,5,7
Serbia,20.05,46.0667	-5,50,7
Serbia,20.3314,42.9903	-3,33,7
Serbia,20.7383,44.7453	-4,5,7
Serbia,21.6636,42.2594	-4,234,7
Seychelles,55.6667,-4.5833	3,36,7
SierraLeone,-11.5,8.5	-1,79,7
Singapore,103.845,1.28528	1,3,7
Singapore,103.964,1.34167	0,10,7
Slovenia,13.8625,46.3889	-5,20,7
Slovenia,15.0,46.0	-4,1075,7
Somalia,42.4412,3.96983	-1,2,7
Somalia,42.5454,-0.358173	-3,65,7
Somalia,42.8761,2.19037	-8,4,7
Somalia,43.6393,3.0333	-1,4,7
Somalia,44.6301,1.7506	-8,15,7
Somalia,44.7038,2.24254	-11,4,7
Somalia,45.3667,2.06667	-4,461,7
Somalia,49.1816,11.2842	-8,68,7
Somalia,49.8481,7.9607	-3,2,7
Somalia,51.2555,11.7506	-5,3,7
SouthAfrica,18.4135,-33.9622	0,10,7
SouthAfrica,18.4608,-33.958	-2,40,7
SouthAfrica,22.2055,-33.5923	1,10,7
SouthAfrica,26.9755,-33.4734	-6,25,7
SouthAfrica,27.0667,-30.5333	-1,16,7
SouthAfrica,27.5667,-25.5833	-2,28,7
SouthAfrica,27.9667,-26.05	-7,4,7
SouthAfrica,29.0,-31.5	-1,20,7
SouthAfrica,29.0496,-31.1329	-6,2,7
SouthAfrica,29.4689,-23.9045	-2,10,7
SouthAfrica,30.3928,-29.6168	-2,12,7
SouthAfrica,31.0333,-28.9	-5,10,7
SouthAfrica,31.0907,-28.6207	-5,10,7
SouthAfrica,31.534,-27.8818	-3,12,7
SouthAfrica,31.9688,-25.4536	-3,26,7
SouthKorea,126.5,34.4	0,6,7
SouthKorea,126.916,35.1547	-1,74,7
SouthKorea,127.004,34.7042	-1,2,7
SouthKorea,127.25,37.6	-5,17,7
SouthKorea,127.49,36.6372	-6,20,7
SouthKorea,127.5,37.0	-2,1558,7
SouthKorea,128.865,36.4389	-1,6,7
SouthSudan,27.4002,8.76816	2,10,7
SouthSudan,27.6617,7.77555	-4,20,7
SouthSudan,29.85,8.65	-2,64,7
SouthSudan,31.409,8.12193	-2,2,7
SouthSudan,31.6012,4.84597	-5,261,7
SouthSudan,32.4,7.4	-3,118,7
Spain,-0.79728,38.1776	2,6,7
Spain,-1.67372,43.1117	-1,24,7
Spain,-1.74901,37.2879	-2,2,7
Spain,-15.5,28.0	-4,22,7
Spain,-2.16667,43.1667	0,28,7
Spain,-3.68333,40.4	-2,306,7
Spain,-4.0,40.0	-1,1221,7
Spain,-4.5,37.6	1,12,7
Spain,-8.82354,43.0381	-1,1,7
Spain,2.0,42.0	-1,8,7
Spain,2.18333,41.3833	-1,76,7
SriLanka,79.7167,9.1	-5,10,7
SriLanka,79.8283,8.0362	0,2,7
SriLanka,79.8608,6.8841	-6,10,7
SriLanka,79.8823,7.1756	0,10,7
SriLanka,80.2,8.85	1,2,7
SriLanka,80.2,9.5	-2,4,7
SriLanka,80.3157,7.0802	-2,14,7
SriLanka,80.4446,6.6444	-3,10,7
SriLanka,80.75,7.33333	1,6,7
SriLanka,81.0281,8.36833	-5,6,7
SriLanka,81.2833,8.35	-2,11,7
SriLanka,81.3167,8.1	-6,10,7
SriLanka,81.4997,7.75	-5,5,7
SriLanka,81.525,7.8934	-3,10,7
SriLanka,81.6333,7.36667	-1,10,7
Sudan,30.0,15.0	-3,1386,7
Sudan,30.35,13.0833	-2,73,7
Sudan,30.75,13.3667	-1,53,7
Sudan,32.4,13.5	-5,18,7
Sudan,32.6667,13.1667	-6,6,7
Sweden,12.0167,57.4167	-7,5,7
Sweden,12.0667,57.4833	-6,148,7
Sweden,12.3,58.2667	-9,16,7
Sweden,13.8167,55.4167	-2,13,7
Sweden,14.55,56.9667	-6,24,7
Sweden,14.6667,59.8333	-7,64,7
Sweden,15.1833,60.15	-4,14,7
Sweden,16.5,59.3667	-4,22,7
Sweden,17.8333,62.65	-3,5,7
Sweden,17.9333,59.65	-1,10,7
Sweden,17.95,59.4	0,10,7
Sweden,18.05,59.3333	-4,3849,7
Sweden,18.0833,59.3333	-3,2,7
Switzerland,6.82889,47.1044	0,8,7
Switzerland,7.37956,46.9678	-3,12,7
Switzerland,7.46667,46.9167	-2,264,7
Switzerland,8.55,47.3667	0,408,7
Switzerland,9.83333,46.8167	0,3,7
Syria,35.6232,33.2707	-5,4,7
Syria,35.8072,32.9049	-2,242,7
Syria,35.8586,34.8558	4,10,7
Syria,35.9896,34.7517	-4,14,7
Syria,36.2428,33.3572	-5,18,7
Syria,36.3795,35.5495	-5,8,7
Syria,36.5265,33.562	-1,2,7
Syria,36.5695,32.709	-5,36,7
Syria,36.6267,33.9547	-8,6,7
Syria,36.6333,34.95	-4,6,7
Syria,36.6339,35.9306	-3,900,7
Syria,36.6574,33.9674	-2,3,7
Syria,36.7159,36.5384	-5,4,7
Syria,36.7324,34.9265	-3,1,7
Syria,36.8192,36.7704	-4,28,7
Syria,37.0054,35.5905	-1,66,7
Syria,37.4,35.9833	-1,22,7
Syria,37.4427,36.3694	-2,208,7
Syria,37.955,36.5282	-3,18,7
Syria,38.0,35.0	-3,131529,7
Syria,38.2805,34.5608	-5,277,7
Syria,38.5443,35.8469	-2,8,7
Syria,39.0167,35.95	-4,984,7
Syria,40.25,35.0	-3,112,7
Syria,40.3708,36.6556	-2,10,7
Syria,40.8756,34.6389	-4,29,7
Syria,42.09,37.1469	-2,16,7
Taiwan,121.0,24.0	-1,71,7
Taiwan,121.549,25.1527	-4,3,7
Taiwan,121.583,24.0167	-1,1,7
Tajikistan,69.3202,38.7238	-9,60,7
Tajikistan,71.5574,37.9449	-2,8,7
Tanzania,29.6267,-4.87694	-5,94,7
Tanzania,30.0,-5.0	-2,16,7
Tanzania,35.0,-6.0	-4,173,7
Tanzania,35.5167,-3.25	-5,6,7
Tanzania,36.4167,-6.2	0,2,7
Tanzania,36.6833,-3.36667	-4,66,7
Tanzania,37.6667,-6.81667	-2,16,7
Tanzania,39.1167,-6.9	0,30,7
Thailand,100.477,7.00836	0,8,7
Thailand,100.707,6.73561	2,1,7
Thailand,100.734,14.0211	-13,2,7
Thailand,100.784,14.4921	2,38,7
Thailand,100.883,12.9333	-7,30,7
Thailand,101.1,16.45	-6,10,7
Thailand,101.954,17.3018	-4,30,7
Thailand,104.633,15.8638	-3,6,7
Thailand,104.779,17.4108	2,74,7
Thailand,97.9653,19.3085	-5,34,7
Thailand,98.3332,7.90903	-7,4,7
Thailand,98.3833,7.83333	-4,116,7
Thailand,98.5298,8.4509	-5,112,7
TrinidadandTobago,-61.4208,10.7163	-1,2,7
TrinidadandTobago,-61.5486,10.1844	0,5,7
Tunisia,10.1797,36.8028	-5,421,7
Tunisia,10.3623,34.6207	-3,19,7
Tunisia,10.8333,35.7833	-9,2,7
Turkey,26.3064,38.3228	-4,13,7
Turkey,26.3332,39.4934	-5,96,7
Turkey,26.3971,38.6107	-2,10,7
Turkey,27.15,38.4167	-2,5,7
Turkey,27.2566,37.8556	-7,34,7
Turkey,28.8206,41.0131	0,8,7
Turkey,29.0279,39.5239	-5,4,7
Turkey,29.0303,41.1981	-6,4,7
Turkey,29.8325,36.1706	-6,30,7
Turkey,32.1333,38.0085	-4,8,7
Turkey,32.4846,37.8714	-1,3,7
Turkey,32.8644,39.9272	-3,8035,7
Turkey,34.6442,36.7328	-2,52,7
Turkey,35.3289,37.0017	-3,45,7
Turkey,35.6592,38.7918	-2,45,7
Turkey,35.7651,40.1812	-3,20,7
Turkey,36.1572,36.2066	-6,57,7
Turkey,36.1735,36.5872	-2,54,7
Turkey,36.3001,40.1158	-4,2,7
Turkey,37.671,38.4434	-4,10,7
Turkey,37.7942,37.0097	-3,5,7
Turkey,38.3939,36.9144	2,6,7
Turkey,38.8683,37.7141	-2,10,7
Turkey,38.9525,36.7325	-5,2,7
Turkey,39.3167,37.755	-2,12,7
Turkey,39.6573,38.9307	-4,86,7
Turkey,39.8329,38.9218	-3,20,7
Turkey,40.2189,37.9158	-1,95,7
Turkey,40.4833,37.2856	-4,7,7
Turkey,40.4881,37.4775	-7,78,7
Turkey,41.0278,37.49	0,52,7
Turkey,41.5665,39.3811	-5,30,7
Turkey,42.1903,37.3272	-8,15,7
Turkey,42.4594,37.5228	-4,53,7
Turkey,42.7925,39.7423	-3,2,7
Turkey,44.556,37.3252	-5,10,7
Tuvalu,178.0,-8.0	-5,45,7
Uganda,30.0417,0.741389	-7,2,7
Uganda,30.1667,0.633333	-7,8,7
Uganda,33.4686,0.609167	-1,6,7
Uganda,34.1809,0.692991	-2,8,7
Uganda,34.2501,2.25139	-7,10,7
Ukraine,22.3496,48.5672	2,1,7
Ukraine,24.0305,49.8407	0,58,7
Ukraine,25.6056,49.5559	-1,8,7
Ukraine,25.9403,48.2915	2,10,7
Ukraine,30.7386,46.4639	-3,9,7
Ukraine,32.3086,46.4975	0,8,7
Ukraine,34.0,45.0	-1,26,7
Ukraine,36.2527,49.9808	0,54,7
Ukraine,37.5895,48.8414	2,1,7
Ukraine,38.0542,48.347	-3,20,7
Ukraine,38.5,48.5	-3,45,7
Ukraine,39.3171,48.567	-1,32,7
UnitedArabEmirates,54.3667,24.4667	-2,35,7
UnitedArabEmirates,54.371,24.4871	-4,30,7
UnitedKingdom,-0.036489,51.5206	-4,2,7
UnitedKingdom,-0.05,51.5167	4,2,7
UnitedKingdom,-0.066667,51.5	-2,10,7
UnitedKingdom,-0.083333,51.45	0,12,7
UnitedKingdom,-0.083333,53.5333	-5,10,7
UnitedKingdom,-0.1,51.3833	-6,29,7
UnitedKingdom,-0.1,51.5333	-1,63,7
UnitedKingdom,-0.116667,51.6	-5,32,7
UnitedKingdom,-0.133333,51.5	1,39,7
UnitedKingdom,-0.15,50.8333	-1,91,7
UnitedKingdom,-0.183333,51.1667	-9,10,7
UnitedKingdom,-0.216667,51.75	2,5,7
UnitedKingdom,-0.216667,51.9167	0,2,7
UnitedKingdom,-0.233333,50.8333	-4,12,7
UnitedKingdom,-0.25,51.4	0,1,7
UnitedKingdom,-0.266667,51.65	-5,27,7
UnitedKingdom,-0.266667,52.0833	3,14,7
UnitedKingdom,-0.30479,51.4888	-3,10,7
UnitedKingdom,-0.35,51.35	-4,3,7
UnitedKingdom,-0.416667,51.5667	1,20,7
UnitedKingdom,-0.5,51.2667	0,10,7
UnitedKingdom,-0.566667,51.2167	1,12,7
UnitedKingdom,-0.9,51.5333	-3,14,7
UnitedKingdom,-1.06667,53.9833	-3,8,7
UnitedKingdom,-1.16278,54.5728	-8,10,7
UnitedKingdom,-1.16667,51.0833	-4,107,7
UnitedKingdom,-1.18333,50.85	-4,10,7
UnitedKingdom,-1.25,51.5	-2,22,7
UnitedKingdom,-1.33333,60.3333	-3,2,7
UnitedKingdom,-1.58333,53.7	-6,16,7
UnitedKingdom,-1.6,50.8333	-2,8,7
UnitedKingdom,-1.6175,54.945	-1,5,7
UnitedKingdom,-1.75,54.6667	-2,7,7
UnitedKingdom,-1.78333,50.7667	-2,10,7
UnitedKingdom,-1.85,52.9	0,2,7
UnitedKingdom,-1.96667,52.5	-5,32,7
UnitedKingdom,-2.01667,52.5	-2,10,7
UnitedKingdom,-2.03333,50.6	-7,8,7
UnitedKingdom,-2.05,52.45	-5,56,7
UnitedKingdom,-2.13333,52.4667	-5,67,7
UnitedKingdom,-2.15,53.4	-2,2,7
UnitedKingdom,-2.15,53.6167	-3,14,7
UnitedKingdom,-2.23333,53.45	0,26,7
UnitedKingdom,-2.25,51.8333	-4,1,7
UnitedKingdom,-2.25,51.9167	1,13,7
UnitedKingdom,-2.26667,53.4	-2,20,7
UnitedKingdom,-2.31667,52.1167	-2,157,7
UnitedKingdom,-2.46667,53.5167	-1,10,7
UnitedKingdom,-2.46667,53.7	-4,8,7
UnitedKingdom,-2.5,55.0	0,4,7
UnitedKingdom,-2.66667,57.1667	-5,5,7
UnitedKingdom,-2.71667,50.7333	-7,7,7
UnitedKingdom,-2.75,55.9167	-5,6,7
UnitedKingdom,-2.76667,54.2167	-3,56,7
UnitedKingdom,-2.90694,51.1408	2,6,7
UnitedKingdom,-2.95,52.0333	-1,8,7
UnitedKingdom,-2.96778,51.3458	-4,28,7
UnitedKingdom,-3.0,51.6667	-1,48,7
UnitedKingdom,-3.0,53.6667	0,10,7
UnitedKingdom,-3.06639,51.7328	-1,4,7
UnitedKingdom,-3.1,54.2	-1,30,7
UnitedKingdom,-3.18333,56.2	-1,20,7
UnitedKingdom,-3.5,58.4167	-4,23,7
UnitedKingdom,-3.61667,55.9667	-2,6,7
UnitedKingdom,-3.83333,53.2833	2,2,7
UnitedKingdom,-4.0,54.0	-1,11,7
UnitedKingdom,-4.21667,55.8833	-1,31,7
UnitedKingdom,-4.4,55.9	-4,6,7
UnitedKingdom,-4.63917,50.3336	2,6,7
UnitedKingdom,-4.83333,50.5167	0,30,7
UnitedKingdom,-5.51667,57.2833	0,6,7
UnitedKingdom,-5.54778,50.1136	-1,10,7
UnitedKingdom,-6.06667,54.5167	0,3,7
UnitedKingdom,-6.75,54.5167	4,2,7
UnitedKingdom,-7.16667,57.6667	0,10,7
UnitedKingdom,-7.33333,55.0	-1,13,7
UnitedKingdom,0.05,51.3167	-1,2,7
UnitedKingdom,0.05,51.65	-5,6,7
UnitedKingdom,0.070805,51.5597	-5,12,7
UnitedKingdom,0.383333,52.75	-4,14,7
UnitedKingdom,0.633333,51.95	-5,23,7
UnitedKingdom,0.983333,51.2833	-2,10,7
UnitedKingdom,1.0,52.1667	-4,70,7
UnitedKingdom,1.1,51.35	-5,2,7
UnitedKingdom,1.13333,52.2833	2,3,7
UnitedKingdom,1.51667,52.7667	-3,2,7
UnitedStates,-100.326,35.9395	-9,4,7
UnitedStates,-100.428,45.5372	-5,6,7
UnitedStates,-100.534,31.8835	-7,2,7
UnitedStates,-101.032,32.7298	-5,2,7
UnitedStates,-102.368,31.8457	1,2,7
UnitedStates,-103.231,44.0805	-4,2,7
UnitedStates,-104.693,40.41	0,8,7
UnitedStates,-105.05,40.0503	1,8,7
UnitedStates,-105.075,40.3978	-5,3,7
UnitedStates,-105.271,40.015	-2,115,7
UnitedStates,-105.351,40.0833	-11,24,7
UnitedStates,-106.487,31.7587	0,31,7
UnitedStates,-106.5,31.7573	-1,6,7
UnitedStates,-106.664,35.2334	0,51,7
UnitedStates,-106.764,32.2918	0,6,7
UnitedStates,-107.209,42.7475	-1,698,7
UnitedStates,-107.561,34.812	0,10,7
UnitedStates,-108.551,39.0639	0,12,7
UnitedStates,-109.554,31.344	-4,10,7
UnitedStates,-110.304,31.5545	0,4,7
UnitedStates,-110.655,31.6795	-6,8,7
UnitedStates,-110.799,43.5452	-1,4,7
UnitedStates,-111.301,47.5002	-3,2,7
UnitedStates,-111.517,33.0006	-7,5,7
UnitedStates,-112.003,32.0004	0,4,7
UnitedStates,-112.464,40.5999	-5,10,7
UnitedStates,-112.501,33.5	-3,48,7
UnitedStates,-112.653,39.2869	0,20,7
UnitedStates,-112.717,32.9478	-4,48,7
UnitedStates,-112.957,46.1271	2,6,7
UnitedStates,-113.979,48.5	-3,114,7
UnitedStates,-114.14,34.2964	10,5,7
UnitedStates,-114.322,34.4839	-1,12,7
UnitedStates,-115.123,36.1869	0,10,7
UnitedStates,-115.145,46.8438	0,4,7
UnitedStates,-116.78,47.6777	-2,10,7
UnitedStates,-117.003,46.7333	-5,28,7
UnitedStates,-117.011,46.7257	-7,8,7
UnitedStates,-117.012,47.6868	-5,9,7
UnitedStates,-117.122,38.4199	-1,1603,7
UnitedStates,-117.129,32.5553	-3,10,7
UnitedStates,-117.145,32.7261	-7,10,7
UnitedStates,-117.189,32.874	-1,4,7
UnitedStates,-117.192,32.772	1,3,7
UnitedStates,-117.247,34.1203	-3,4,7
UnitedStates,-117.27,34.0711	-6,2,7
UnitedStates,-117.577,35.1916	1,4,7
UnitedStates,-117.768,33.7	0,36,7
UnitedStates,-117.834,44.7749	-2,12,7
UnitedStates,-117.834,48.4332	-4,10,7
UnitedStates,-118.024,33.8277	-1,1,7
UnitedStates,-118.033,34.1458	-1,5,7
UnitedStates,-118.116,34.5794	-2,6,7
UnitedStates,-118.189,33.7564	-1,18,7
UnitedStates,-118.239,34.0625	0,2,7
UnitedStates,-118.327,34.0983	0,776,7
UnitedStates,-118.367,35.6369	-5,2,7
UnitedStates,-118.378,35.1172	-3,14,7
UnitedStates,-118.427,34.2625	5,10,7
UnitedStates,-118.449,35.1322	-5,5,7
UnitedStates,-118.472,34.1286	0,17,7
UnitedStates,-118.491,34.0195	2,25,7
UnitedStates,-118.606,34.1683	0,19,7
UnitedStates,-118.775,34.1364	1,58,7
UnitedStates,-119.44,48.9346	-4,10,7
UnitedStates,-119.554,47.3176	-4,15,7
UnitedStates,-119.583,48.3613	-5,27,7
UnitedStates,-119.632,34.4367	4,2,7
UnitedStates,-119.734,47.7165	-4,3,7
UnitedStates,-119.746,36.17	-1,4549,7
UnitedStates,-119.814,39.5296	0,42,7
UnitedStates,-119.834,37.1666	-4,4,7
UnitedStates,-120.433,39.2953	2,8,7
UnitedStates,-120.622,34.7653	2,8,7
UnitedStates,-120.67,48.7207	-2,2,7
UnitedStates,-120.723,38.3855	-1,8,7
UnitedStates,-120.822,45.8207	-2,8,7
UnitedStates,-121.089,38.7152	3,5,7
UnitedStates,-121.291,37.9577	3,8,7
UnitedStates,-121.508,38.5974	2,7,7
UnitedStates,-121.591,39.1457	-4,114,7
UnitedStates,-121.895,36.6002	1,4,7
UnitedStates,-121.901,36.8	2,2,7
UnitedStates,-121.934,37.9333	4,6,7
UnitedStates,-122.114,37.3852	0,31,7
UnitedStates,-122.126,37.4453	-1,16,7
UnitedStates,-122.127,44.5672	-2,1958,7
UnitedStates,-122.156,37.7249	2,1,7
UnitedStates,-122.26,37.8722	0,8,7
UnitedStates,-122.271,37.8044	0,84,7
UnitedStates,-122.272,37.8052	4,2,7
UnitedStates,-122.274,37.5464	-1,2,7
UnitedStates,-122.295,37.8652	1,2,7
UnitedStates,-122.351,47.6205	-6,10,7
UnitedStates,-122.353,47.73	-1,30,7
UnitedStates,-122.379,37.5741	-3,2,7
UnitedStates,-122.392,40.5865	-5,5,7
UnitedStates,-122.394,37.7955	1,4,7
UnitedStates,-122.418,45.5001	-3,45,7
UnitedStates,-122.446,37.7249	-6,6,7
UnitedStates,-122.458,38.2919	0,4,7
UnitedStates,-122.487,37.6138	2,10,7
UnitedStates,-122.552,37.8416	-1,6,7
UnitedStates,-122.558,38.808	-6,17,7
UnitedStates,-122.61,38.9105	-4,67,7
UnitedStates,-122.615,38.7524	-3,96,7
UnitedStates,-122.639,45.4462	-3,132,7
UnitedStates,-122.647,47.7359	1,1,7
UnitedStates,-122.672,39.0263	-3,4,7
UnitedStates,-122.843,46.4587	-4,1,7
UnitedStates,-122.926,42.4401	-2,8,7
UnitedStates,-123.035,44.9429	4,1,7
UnitedStates,-123.07,44.046	0,6,7
UnitedStates,-123.102,48.0795	-5,2,7
UnitedStates,-123.123,48.1468	-5,2,7
UnitedStates,-123.275,44.5643	0,30,7
UnitedStates,-123.379,43.9498	-5,4,7
UnitedStates,-123.451,44.8665	-1,2,7
UnitedStates,-123.901,41.6998	3,3,7
UnitedStates,-124.069,44.4268	-4,12,7
UnitedStates,-124.676,48.2665	-3,4,7
UnitedStates,-144.501,68.7506	0,8,7
UnitedStates,-147.716,64.8378	3,4,7
UnitedStates,-149.439,61.5814	0,24,7
UnitedStates,-151.007,63.0695	0,10,7
UnitedStates,-152.654,60.1961	0,4,7
UnitedStates,-153.186,58.9419	0,7,7
UnitedStates,-154.765,63.2236	-1,8,7
UnitedStates,-155.501,19.5006	0,5,7
UnitedStates,-157.531,21.1098	-1,470,7
UnitedStates,-158.009,21.3867	-3,8,7
UnitedStates,-158.066,21.6489	1,3,7
UnitedStates,-159.167,66.5833	1,10,7
UnitedStates,-162.983,65.9167	1,8,7
UnitedStates,-68.672,44.8831	-1,3,7
UnitedStates,-69.3977,44.6074	0,593,7
UnitedStates,-69.6317,44.552	0,2,7
UnitedStates,-70.2762,43.6532	0,1,7
UnitedStates,-70.7259,42.1959	1,8,7
UnitedStates,-71.0662,42.4251	1,1,7
UnitedStates,-71.0939,42.3398	6,4,7
UnitedStates,-71.1164,42.3784	0,4,7
UnitedStates,-71.1195,42.3737	2,5,7
UnitedStates,-71.1245,42.2557	-4,2,7
UnitedStates,-71.1828,42.3709	0,3,7
UnitedStates,-71.2356,42.3765	0,8,7
UnitedStates,-71.3826,41.8787	0,13,7
UnitedStates,-71.4177,41.8198	-5,5,7
UnitedStates,-71.5314,42.2373	-1,1451,7
UnitedStates,-71.7245,42.2273	-8,6,7
UnitedStates,-71.8023,42.5834	0,6,7
UnitedStates,-71.9545,41.0359	1,8,7
UnitedStates,-71.9851,43.414	-2,6,7
UnitedStates,-72.0801,40.9979	0,18,7
UnitedStates,-72.0995,41.3557	1,30,7
UnitedStates,-72.1631,43.4506	0,2,7
UnitedStates,-72.4009,42.277	3,1,7
UnitedStates,-72.5898,42.1015	0,17,7
UnitedStates,-72.7093,44.0407	-1,280,7
UnitedStates,-72.7154,41.7984	-2,20,7
UnitedStates,-72.742,41.762	-1,150,7
UnitedStates,-72.7709,41.5465	-5,18,7
UnitedStates,-72.812,40.9645	1,4,7
UnitedStates,-72.8579,42.1356	3,3,7
UnitedStates,-73.0507,41.4859	0,10,7
UnitedStates,-73.1857,44.4914	4,12,7
UnitedStates,-73.2121,44.4759	0,47,7
UnitedStates,-73.2454,42.4501	-4,3,7
UnitedStates,-73.3832,43.3342	-3,18,7
UnitedStates,-73.5673,40.8132	-3,4,7
UnitedStates,-73.7285,43.9526	2,6,7
UnitedStates,-73.7429,42.6426	-2,2,7
UnitedStates,-73.7936,40.7233	0,1,7
UnitedStates,-73.8174,40.7457	-3,2,7
UnitedStates,-73.8453,40.7464	1,9,7
UnitedStates,-73.9065,42.0212	-3,7,7
UnitedStates,-73.9425,40.7947	2,2,7
UnitedStates,-73.9572,40.7853	0,13,7
UnitedStates,-73.9586,40.7833	3,12,7
UnitedStates,-73.9629,40.7795	2,2,7
UnitedStates,-73.9671,40.6937	-2,4,7
UnitedStates,-73.9754,40.787	-6,2,7
UnitedStates,-73.9799,44.2795	0,6,7
UnitedStates,-73.986,40.757	-1,3,7
UnitedStates,-73.9868,40.7159	-4,7,7
UnitedStates,-73.9874,40.7293	0,26,7
UnitedStates,-74.0121,40.8043	1,6,7
UnitedStates,-74.0282,40.6968	4,6,7
UnitedStates,-74.0379,41.1368	0,6,7
UnitedStates,-74.0394,40.6997	0,2,7
UnitedStates,-74.0443,40.689	-2,59,7
UnitedStates,-74.0451,40.8412	1,6,7
UnitedStates,-74.0668,40.5904	1,2,7
UnitedStates,-74.1496,40.5834	3,4,7
UnitedStates,-74.1657,40.5454	2,4,7
UnitedStates,-74.1829,40.4834	2,6,7
UnitedStates,-74.2349,40.7323	-3,2,7
UnitedStates,-74.4518,40.4862	-1,7,7
UnitedStates,-74.8363,44.2226	-8,2,7
UnitedStates,-74.9329,40.5668	0,4,7
UnitedStates,-74.9384,42.1497	-1,6834,7
UnitedStates,-75.1005,38.7148	0,15,7
UnitedStates,-75.101,40.2334	0,5,7
UnitedStates,-75.1502,39.9487	0,31,7
UnitedStates,-75.1638,39.9523	-1,1259,7
UnitedStates,-75.2327,43.1009	-1,32,7
UnitedStates,-75.2588,41.5768	-3,1,7
UnitedStates,-75.271,43.1128	-2,8,7
UnitedStates,-75.2913,38.5915	-1,8,7
UnitedStates,-75.3749,40.0004	0,13,7
UnitedStates,-75.3749,41.8754	-3,1,7
UnitedStates,-75.423,39.9551	3,26,7
UnitedStates,-75.5149,40.1304	3,18,7
UnitedStates,-75.5496,39.0834	1,1,7
UnitedStates,-75.5552,40.5159	3,1,7
UnitedStates,-75.6572,39.7998	-7,2,7
UnitedStates,-75.8749,40.1254	0,17,7
UnitedStates,-75.911,41.827	2,2,7
UnitedStates,-75.9997,38.4668	2,5,7
UnitedStates,-75.9997,44.3334	0,3,7
UnitedStates,-76.0686,38.7226	0,290,7
UnitedStates,-76.0808,38.5712	4,4,7
UnitedStates,-76.1474,43.0481	0,52,7
UnitedStates,-76.2852,36.8468	-4,2,7
UnitedStates,-76.5921,39.2974	2,6,7
UnitedStates,-76.6544,39.3673	1,5,7
UnitedStates,-76.6602,40.1581	-3,16,7
UnitedStates,-76.7311,40.1998	-2,2,7
UnitedStates,-76.7902,39.0724	-1,629,7
UnitedStates,-76.8841,40.9554	1,2,7
UnitedStates,-76.933,39.2504	-2,9,7
UnitedStates,-76.9528,38.9757	2,2,7
UnitedStates,-76.9978,38.9329	0,35,7
UnitedStates,-77.0003,38.889	-1,304,7
UnitedStates,-77.0044,38.8884	-3,8,7
UnitedStates,-77.0109,38.9018	-1,1,7
UnitedStates,-77.0164,38.8723	2,8,7
UnitedStates,-77.025,38.8862	-4,2,7
UnitedStates,-77.0261,38.9907	0,12,7
UnitedStates,-77.0262,38.8964	-1,96,7
UnitedStates,-77.0316,38.9068	-3,2,7
UnitedStates,-77.0374,38.9328	1,2,7
UnitedStates,-77.0663,38.8688	2,16,7
UnitedStates,-77.0697,38.9526	1,1,7
UnitedStates,-77.0726,38.9073	-2,75,7
UnitedStates,-77.0949,38.945	0,206,7
UnitedStates,-77.1528,39.084	-4,4,7
UnitedStates,-77.1711,38.8823	-4,4,7
UnitedStates,-77.233,37.2001	3,4,7
UnitedStates,-77.264,40.5773	-1,739,7
UnitedStates,-77.3517,40.4559	-5,2,7
UnitedStates,-77.6414,38.9757	2,2,7
UnitedStates,-77.7105,39.3259	0,10,7
UnitedStates,-77.72,39.6418	-9,5,7
UnitedStates,-77.8122,34.8254	-6,24,7
UnitedStates,-78.0128,33.8855	-4,7,7
UnitedStates,-78.0161,40.4995	0,2,7
UnitedStates,-78.0203,33.9216	0,4,7
UnitedStates,-78.1875,42.9981	-1,72,7
UnitedStates,-78.3241,34.9998	0,4,7
UnitedStates,-78.6386,35.7721	6,20,7
UnitedStates,-78.8028,42.9123	1,6,7
UnitedStates,-78.8689,38.4496	-4,8,7
UnitedStates,-79.0086,34.6182	-1,8,7
UnitedStates,-79.0486,35.9101	0,6,7
UnitedStates,-79.0567,43.0945	-1,2,7
UnitedStates,-79.2937,42.1181	-1,12,7
UnitedStates,-79.3923,42.1245	0,2,7
UnitedStates,-79.5067,36.1029	0,20,7
UnitedStates,-79.5767,40.2403	-3,6,7
UnitedStates,-79.6645,36.3549	3,8,7
UnitedStates,-79.7881,40.4212	1,14,7
UnitedStates,-79.9665,32.7668	-1,6,7
UnitedStates,-80.0364,26.7056	-5,1,7
UnitedStates,-80.13,25.7907	-3,10,7
UnitedStates,-80.2189,37.1001	0,1,7
UnitedStates,-80.2331,35.8168	-1,20,7
UnitedStates,-80.2442,36.0999	2,4,7
UnitedStates,-80.2498,36.4001	-4,8,7
UnitedStates,-80.2759,26.1206	2,2,7
UnitedStates,-80.2787,25.7195	-3,16,7
UnitedStates,-80.3445,39.2806	-3,5,7
UnitedStates,-80.4498,26.6503	2,9,7
UnitedStates,-80.7953,34.719	-1,2,7
UnitedStates,-80.8229,40.1087	-1,8,7
UnitedStates,-80.837,33.3699	-2,594,7
UnitedStates,-81.0998,38.0501	3,2,7
UnitedStates,-81.111,38.0539	-2,2,7
UnitedStates,-81.2457,41.7245	1,1,7
UnitedStates,-81.4076,28.292	4,12,7
UnitedStates,-81.4173,26.4187	0,8,7
UnitedStates,-81.4846,41.1339	2,3,7
UnitedStates,-81.5209,29.1686	-3,108,7
UnitedStates,-81.5693,41.5584	-6,8,7
UnitedStates,-81.5831,24.6671	-4,10,7
UnitedStates,-81.6748,30.3419	-2,5,7
UnitedStates,-81.6798,29.9966	-3,8,7
UnitedStates,-81.6848,35.7454	-5,8,7
UnitedStates,-81.6937,33.9529	-3,4,7
UnitedStates,-81.6954,41.4995	0,221,7
UnitedStates,-81.717,27.8333	-1,7003,7
UnitedStates,-81.7254,33.5546	2,10,7
UnitedStates,-81.7643,30.2697	1,1,7
UnitedStates,-81.7826,24.5557	0,6,7
UnitedStates,-81.8332,29.9997	0,9,7
UnitedStates,-81.8779,28.8108	9,2,7
UnitedStates,-82.1165,34.1668	0,40,7
UnitedStates,-82.1401,29.1872	2,12,7
UnitedStates,-82.3248,29.6516	-1,3737,7
UnitedStates,-82.3632,35.631	2,10,7
UnitedStates,-82.364,34.874	-2,6,7
UnitedStates,-82.379,34.1782	0,3,7
UnitedStates,-82.394,34.8526	-1,19,7
UnitedStates,-82.4584,27.9475	-6,797,7
UnitedStates,-82.7665,38.0668	-5,1,7
UnitedStates,-82.7871,41.1651	0,5,7
UnitedStates,-82.8001,27.9659	0,4,7
UnitedStates,-82.8388,34.677	-6,5,7
UnitedStates,-82.9249,35.4234	0,2,7
UnitedStates,-82.949,33.6279	1,3,7
UnitedStates,-83.0458,42.3314	0,293,7
UnitedStates,-83.1332,36.6834	1,21,7
UnitedStates,-83.1763,42.3223	1,58,7
UnitedStates,-83.2455,42.5836	-5,2,7
UnitedStates,-83.2458,42.3103	-3,2,7
UnitedStates,-83.3999,42.6667	-5,20,7
UnitedStates,-83.4332,38.1834	0,4510,7
UnitedStates,-83.4499,35.1501	-7,4,7
UnitedStates,-83.4499,39.5501	0,5,7
UnitedStates,-83.7063,39.537	0,10,7
UnitedStates,-83.7263,42.2709	-3,39,7
UnitedStates,-83.9524,39.0809	-1,5,7
UnitedStates,-84.0952,35.9562	1,8,7
UnitedStates,-84.1166,34.2168	-3,6,7
UnitedStates,-84.1333,44.3334	-2,20,7
UnitedStates,-84.1597,36.7434	-5,26,7
UnitedStates,-84.1916,39.7589	-1,15,7
UnitedStates,-84.2999,37.5898	-9,2,7
UnitedStates,-84.435,41.5862	1,4,7
UnitedStates,-84.4499,38.0501	0,4,7
UnitedStates,-84.5091,39.1434	2,1,7
UnitedStates,-84.5333,39.1834	0,8,7
UnitedStates,-84.6166,40.1334	-2,2,7
UnitedStates,-84.6514,37.669	-2,2337,7
UnitedStates,-84.7141,35.7148	-2,1,7
UnitedStates,-84.775,43.5914	1,7,7
UnitedStates,-84.8733,38.2009	0,3,7
UnitedStates,-85.0269,35.949	2,12,7
UnitedStates,-85.2394,35.0176	-4,140,7
UnitedStates,-85.3097,35.0456	-1,11,7
UnitedStates,-85.4019,42.4053	0,2,7
UnitedStates,-85.4694,31.6813	-7,2,7
UnitedStates,-85.65,38.1834	-4,18,7
UnitedStates,-85.8244,40.4217	-1,2,7
UnitedStates,-86.0003,34.7668	0,4,7
UnitedStates,-86.15,32.5835	-2,1,7
UnitedStates,-86.1586,41.662	-4,4,7
UnitedStates,-86.25,41.6834	-4,5,7
UnitedStates,-86.2505,37.2	0,4,7
UnitedStates,-86.45,36.4998	4,6,7
UnitedStates,-86.5108,40.2795	0,2,7
UnitedStates,-86.5422,36.022	-5,2,7
UnitedStates,-86.7439,41.7939	-3,5,7
UnitedStates,-86.7489,35.7449	-3,512,7
UnitedStates,-86.7844,36.1659	0,40,7
UnitedStates,-87.3328,41.4828	-4,10,7
UnitedStates,-87.4139,39.4667	3,1,7
UnitedStates,-87.5674,41.7267	2,3,7
UnitedStates,-87.582,40.8275	-8,4,7
UnitedStates,-87.6118,46.4991	4,2,7
UnitedStates,-87.6217,41.8789	7,7,7
UnitedStates,-87.6461,41.2411	-5,6,7
UnitedStates,-87.647,38.0662	2,8,7
UnitedStates,-87.6501,41.85	0,2618,7
UnitedStates,-87.7334,42.0334	-1,6,7
UnitedStates,-87.7717,41.9511	-3,2,7
UnitedStates,-87.8448,42.3636	1,6,7
UnitedStates,-87.8709,41.9559	1,22,7
UnitedStates,-87.9668,43.0006	0,8,7
UnitedStates,-88.0006,42.3334	3,3,7
UnitedStates,-88.0509,42.6931	-2,2,7
UnitedStates,-88.1065,43.0606	-7,2,7
UnitedStates,-88.1781,38.15	-4,20,7
UnitedStates,-88.204,41.8848	3,10,7
UnitedStates,-88.2856,41.2878	-1,10,7
UnitedStates,-88.5345,30.4116	4,18,7
UnitedStates,-88.7001,43.4167	0,6,7
UnitedStates,-88.7443,44.0394	3,1,7
UnitedStates,-89.0022,40.3363	-2,546,7
UnitedStates,-89.0101,41.3406	-4,26,7
UnitedStates,-89.0436,30.4091	0,10,7
UnitedStates,-89.0928,30.3674	0,114,7
UnitedStates,-89.3168,42.0334	-2,10,7
UnitedStates,-89.4335,43.0667	3,2,7
UnitedStates,-89.4893,38.0559	-3,6,7
UnitedStates,-89.5779,41.8517	-3,6,7
UnitedStates,-89.6301,44.9591	-1,26,7
UnitedStates,-89.6385,44.2563	0,765,7
UnitedStates,-89.6415,30.6427	1,1,7
UnitedStates,-89.6437,39.8017	-2,6,7
UnitedStates,-89.7707,38.7181	3,7,7
UnitedStates,-89.9679,40.3495	0,2,7
UnitedStates,-89.9782,42.095	1,6,7
UnitedStates,-89.9815,35.1412	-3,6,7
UnitedStates,-90.049,35.1495	-1,4,7
UnitedStates,-90.1001,29.7335	-2,11,7
UnitedStates,-90.1198,38.8137	0,4,7
UnitedStates,-90.159,32.3976	0,2,7
UnitedStates,-90.5835,38.2667	-5,2,7
UnitedStates,-90.6374,40.9145	-1,5,7
UnitedStates,-90.6718,40.4592	2,6,7
UnitedStates,-90.7043,35.8423	-2,13,7
UnitedStates,-91.0132,43.7022	1,6,7
UnitedStates,-91.3929,44.9369	-3,6,7
UnitedStates,-91.6002,42.0667	0,8,7
UnitedStates,-91.6535,41.9122	-1,2,7
UnitedStates,-92.2896,34.7465	0,19,7
UnitedStates,-92.302,38.4623	-2,1349,7
UnitedStates,-92.3335,39.0334	-1,2,7
UnitedStates,-92.4668,44.0258	2,24,7
UnitedStates,-92.6032,38.7425	-2,4,7
UnitedStates,-92.9463,41.5589	-1,10,7
UnitedStates,-93.0146,42.7664	-1,3,7
UnitedStates,-93.2055,42.7522	1,90,7
UnitedStates,-93.214,42.0046	-1,1202,7
UnitedStates,-93.263,45.0408	1,5,7
UnitedStates,-93.3743,45.1074	0,8,7
UnitedStates,-93.7105,45.515	0,36,7
UnitedStates,-93.7122,41.6267	1,2,7
UnitedStates,-93.8666,40.6833	-3,3,7
UnitedStates,-93.8835,33.2835	-3,42,7
UnitedStates,-93.9196,45.7326	-2,1759,7
UnitedStates,-93.9341,40.6228	-2,4,7
UnitedStates,-94.2088,36.3729	-1,3,7
UnitedStates,-94.3457,32.6682	-5,10,7
UnitedStates,-94.7336,38.9536	-3,7,7
UnitedStates,-94.8549,39.7829	-10,4,7
UnitedStates,-94.8811,36.2581	-1,2,7
UnitedStates,-95.0949,29.5075	-9,6,7
UnitedStates,-95.201,29.5294	2,4,7
UnitedStates,-95.2336,33.1834	-8,10,7
UnitedStates,-95.2827,32.3199	0,2,7
UnitedStates,-95.3633,29.7633	-2,3137,7
UnitedStates,-95.4027,29.7173	-4,12,7
UnitedStates,-95.4094,32.5157	-3,8,7
UnitedStates,-95.4669,30.3169	-6,8,7
UnitedStates,-95.5669,30.7335	0,10,7
UnitedStates,-95.7908,36.0526	-4,8,7
UnitedStates,-95.8336,32.2002	0,8,7
UnitedStates,-95.9072,43.0703	0,3,7
UnitedStates,-95.9378,41.2586	1,18,7
UnitedStates,-95.9797,36.6001	3,8,7
UnitedStates,-96.0336,42.3833	0,6,7
UnitedStates,-96.1756,43.0797	0,10,7
UnitedStates,-96.2855,30.1947	-3,4,7
UnitedStates,-96.4003,42.5	1,17,7
UnitedStates,-96.5472,31.5638	0,3,7
UnitedStates,-96.5992,32.7668	-4,17,7
UnitedStates,-96.6358,28.6003	-7,48,7
UnitedStates,-96.7003,43.55	0,22,7
UnitedStates,-96.7587,43.6666	-2,5,7
UnitedStates,-96.8792,32.6007	-2,10,7
UnitedStates,-96.9247,35.5376	-2,1474,7
UnitedStates,-96.9587,42.9167	1,4,7
UnitedStates,-96.9944,32.4824	-1,16,7
UnitedStates,-96.9978,32.746	-3,2,7
UnitedStates,-97.097,33.0146	3,2,7
UnitedStates,-97.3006,35.9895	0,1,7
UnitedStates,-97.3425,32.6293	-1,128,7
UnitedStates,-97.4337,35.8834	-5,8,7
UnitedStates,-97.4445,35.204	-2,24,7
UnitedStates,-97.5164,35.4676	-4,126,7
UnitedStates,-97.8503,28.8836	-3,15,7
UnitedStates,-98.1561,29.1336	-4,6,7
UnitedStates,-98.1687,34.1143	-6,4,7
UnitedStates,-98.4539,26.7167	0,1,7
UnitedStates,-98.517,29.4502	0,6,7
UnitedStates,-99.5359,39.9495	-1,4,7
UnitedStates,-99.5815,44.0789	-4,406,7
UnitedStates,-99.8171,40.8667	-5,8,7
UnitedStates,-99.9171,38.4667	-1,5,7
Uruguay,-56.0,-33.0	-3,154,7
Uzbekistan,72.3442,40.7821	-5,10,7
Vanuatu,167.0,-16.0	-4,380,7
Vanuatu,168.417,-17.6667	-4,308,7
VaticanCity,12.45,41.9	-1,157,7
Venezuela,-62.5773,10.7353	2,4,7
Venezuela,-72.257,8.11486	-4,1,7
Venezuela,-72.3914,8.54934	-6,8,7
Vietnam,105.0,22.0	-6,26,7
Vietnam,105.833,10.85	0,4,7
Vietnam,105.85,21.0333	-1,78,7
Vietnam,106.0,21.45	0,2,7
Vietnam,106.383,10.8833	-3,12,7
Vietnam,106.617,16.7333	0,27,7
Vietnam,106.65,17.4	0,6,7
Vietnam,106.667,10.3333	-2,4,7
Vietnam,107.0,11.0	-1,208,7
Vietnam,107.667,16.4333	-6,4,7
Vietnam,108.383,15.4333	2,22,7
Vietnam,109.217,11.9	0,32,7
WestBank,35.0286,32.3104	-4,24,7
WestBank,35.0593,32.3185	0,1,7
WestBank,35.25,31.6667	-2,87,7
Yemen,42.9545,14.7978	-4,1,7
Yemen,43.5341,16.8167	-4,7,7
Yemen,44.0209,13.5795	-4,5,7
Yemen,44.1,14.8333	-9,6,7
Yemen,44.2012,15.3592	-6,5,7
Yemen,44.2044,15.3526	-2,20,7
Yemen,44.4333,13.5167	1,66,7
Yemen,44.8819,13.0567	-1,205,7
Yemen,44.975,14.5333	-5,8,7
Yemen,44.9931,12.8768	-2,100,7
Yemen,47.6333,15.2667	-1,5,7
Yemen,48.0,15.0	-4,998,7
Yemen,50.0,15.0	-4,5,7
Zambia,24.8667,-17.4333	1,18,7
Zambia,27.2493,-16.7648	0,1,7
Zambia,28.2833,-15.4167	-2,58,7
Zimbabwe,26.8667,-18.6167	-4,5,7
Zimbabwe,30.0,-22.2167	-5,2,7
Zimbabwe,30.4167,-17.7333	-6,16,7
Zimbabwe,31.0,-17.0	-2,16,7
Zimbabwe,31.0447,-17.8178	-4,73,7
Zimbabwe,32.168,-18.7059	-6,8,7
