Afghanistan,62.021,31.1683	-4,18,7
Afghanistan,62.4065,33.8906	-8,10,7
Afghanistan,64.0,31.0	-3,228,7
Afghanistan,64.1492,35.0636	-2,10,7
Afghanistan,64.3716,31.5938	-1,15,7
Afghanistan,65.0,34.0	-9,5,7
Afghanistan,66.785,34.3723	-3,4,7
Afghanistan,68.2581,34.1528	-5,10,7
Afghanistan,68.7083,36.1307	-5,28,7
Afghanistan,69.109,34.9203	-5,1,7
Afghanistan,69.1833,34.5167	-3,1712,7
Afghanistan,69.6305,35.3303	0,18,7
Afghanistan,70.2103,34.5871	-5,20,7
Afghanistan,70.4167,34.3333	-4,34,7
Afghanistan,71.3288,36.5113	-6,24,7
Afghanistan,72.6075,37.0083	-1,8,7
Algeria,-8.14744,27.6711	-1,14,7
AmericanSamoa,-170.486,-15.0721	0,5,7
Andorra,1.5,42.5	-3,1,7
Angola,18.5,-12.5	-2,42,7
Antarctica,32.3438,-85.6221	0,16,7
Armenia,44.2673,40.8322	-3,28,7
Armenia,44.3026,40.0544	-1,4,7
Armenia,44.5425,40.2042	0,26,7
Armenia,45.4189,39.5444	-4,2,7
Armenia,45.6474,39.7195	-2,16,7
Australia,113.898,-28.8972	-2,2,7
Australia,115.286,-29.2174	-1,5,7
Australia,115.767,-32.0	-5,8,7
Australia,117.91,-34.9992	-2,40,7
Australia,138.533,-35.1	-1,8,7
Australia,138.733,-34.8167	1,3,7
Australia,140.567,-34.2333	-3,99,7
Australia,142.0,-38.05	-5,24,7
Australia,142.2,-36.7113	-3,28,7
Australia,142.5,-38.25	-6,10,7
Australia,143.672,-38.7594	-2,15,7
Australia,143.933,-37.6667	0,6,7
Australia,144.9,-37.8	-3,5,7
Australia,145.067,-22.1167	-4,54,7
Australia,145.15,-37.7333	0,60,7
Australia,145.25,-15.4703	-5,134,7
Australia,145.748,-37.5098	-3,6,7
Australia,146.806,-19.2664	-2,139,7
Australia,147.2,-36.554	0,20,7
Australia,147.367,-41.7667	-9,17,7
Australia,147.392,-41.0005	-12,10,7
Australia,147.9,-40.1833	1,5,7
Australia,148.263,-41.5061	-12,20,7
Australia,149.225,-21.075	6,8,7
Australia,149.96,-26.1229	0,106,7
Australia,149.967,-36.1333	-5,10,7
Australia,150.001,-32.9985	-5,58,7
Australia,150.867,-34.5833	-1,20,7
Australia,150.917,-33.7667	-2,78,7
Australia,151.017,-34.0167	-1,5,7
Australia,151.051,-34.1318	2,18,7
Australia,151.083,-33.9167	-4,67,7
Australia,151.194,-33.8694	-1,10,7
Australia,151.225,-33.549	1,6,7
Australia,151.671,-30.5083	-3,4,7
Australia,151.751,-32.9235	-1,3,7
Australia,152.959,-27.1611	3,10,7
Australia,153.05,-27.4333	-2,50,7
Australia,153.055,-26.7179	-1,30,7
Australia,153.25,-27.4833	-1,960,7
Australia,153.542,-28.1756	-1,2,7
Austria,13.1167,47.0833	-5,5,7
Austria,14.0,48.25	-4,5,7
Austria,14.05,48.35	-3,8,7
Austria,15.1667,47.25	-5,35,7
Austria,16.2833,48.0167	-4,1799,7
Austria,16.4167,47.5	-4,248,7
Austria,16.85,47.9833	-7,25,7
Austria,17.0694,47.9406	-5,1053,7
Azerbaijan,47.9631,40.9101	-6,44,7
Azerbaijan,50.1139,40.5179	-4,4,7
Bahamas,-77.0833,26.4667	-1,18,7
Bahamas,-77.35,25.0833	0,65,7
Bahrain,50.5069,26.1153	-8,4,7
Bangladesh,88.1889,25.854	-3,4,7
Bangladesh,88.9397,26.1281	-2,2,7
Bangladesh,88.9927,25.2622	-1,365,7
Bangladesh,89.1354,21.8745	-3,20,7
Bangladesh,89.4,23.6167	-5,12,7
Bangladesh,89.45,22.75	-2,8,7
Bangladesh,89.5667,24.85	-2,83,7
Bangladesh,90.0,23.65	-5,20,7
Bangladesh,90.8333,22.8333	-3,260,7
Bangladesh,91.859,21.8091	-7,20,7
Bangladesh,91.8717,24.8967	-1,36,7
Bangladesh,92.1396,21.2445	-5,6,7
Bangladesh,92.1771,21.6829	-3,2,7
Belarus,28.0,53.0	-4,73,7
Belgium,4.0,50.8333	-2,1657,7
Belgium,5.71844,50.0035	1,4,7
Belize,-89.0667,17.4	1,6,7
Benin,2.25,9.5	-2,26,7
Bhutan,90.1229,27.0219	0,10,7
Bolivia,-68.15,-16.5	-5,3,7
Bosnia-Herzegovina,18.3833,43.85	0,94,7
Bosnia-Herzegovina,18.6388,44.4143	-7,4,7
Bosnia-Herzegovina,18.6671,44.5384	-5,2,7
Botswana,24.0,-22.0	-5,49,7
Botswana,27.3607,-20.7591	0,16,7
Botswana,27.5079,-21.17	4,10,7
Brazil,-45.7167,-1.45	-2,14,7
Brazil,-46.6167,-23.5333	-5,324,7
Brazil,-47.9167,-15.7833	-6,253,7
Brazil,-67.8,-9.96667	0,12,7
Brunei,114.85,4.95	-1,1,7
Bulgaria,22.4461,43.9222	-6,10,7
Bulgaria,23.95,42.6	2,5,7
Bulgaria,25.9,41.9333	-7,15,7
Bulgaria,27.4678,42.5061	0,22,7
Burundi,29.3503,-3.337	-3,10,7
Burundi,29.804,-4.1348	-5,45,7
Burundi,30.1688,-2.469	-5,12,7
Cambodia,104.864,11.3996	-2,14,7
Cambodia,105.0,13.0	-3,1004,7
Cambodia,107.283,12.4167	-4,5,7
Cameroon,14.1514,11.249	-6,116,7
Cameroon,14.5,11.0	-6,20,7
Cameroon,9.94472,3.75528	-4,6,7
Canada,-106.167,53.95	-2,8,7
Canada,-106.5,51.8	1,5,7
Canada,-106.667,52.1333	0,42,7
Canada,-108.283,52.7667	0,5,7
Canada,-112.0,61.9167	5,8,7
Canada,-112.817,53.0167	0,2,7
Canada,-113.2,53.7167	-1,10,7
Canada,-113.8,52.2667	-1,38,7
Canada,-113.967,51.0333	2,5,7
Canada,-114.35,62.45	-4,10,7
Canada,-114.4,54.1167	1,10,7
Canada,-117.283,55.0667	0,1,7
Canada,-118.0,65.0	0,67,7
Canada,-120.333,50.6667	-6,2,7
Canada,-122.65,49.1	1,50,7
Canada,-123.1,49.2667	0,31,7
Canada,-123.133,49.25	-1,3686,7
Canada,-123.917,49.15	0,18,7
Canada,-124.55,49.8833	-1,10,7
Canada,-125.833,49.6667	-1,16,7
Canada,-126.7,54.55	3,8,7
Canada,-130.333,54.3167	-4,50,7
Canada,-133.7,68.35	0,66,7
Canada,-53.1333,47.3833	-3,18,7
Canada,-54.5,47.0	0,5,7
Canada,-56.0333,49.75	-2,52,7
Canada,-60.3,53.3	0,1,7
Canada,-60.4167,53.3333	-3,7,7
Canada,-60.6667,45.6333	4,4,7
Canada,-64.5,45.0667	-5,47,7
Canada,-65.5167,45.7167	-3,7,7
Canada,-66.15,45.7667	-2,15,7
Canada,-71.9,45.4	1,65,7
Canada,-73.5833,45.5	-1,1488,7
Canada,-73.65,45.5167	-1,8,7
Canada,-73.75,45.4333	0,10,7
Canada,-75.9,45.3333	-1,1,7
Canada,-77.8333,44.0833	-5,4,7
Canada,-78.1667,43.9667	-4,10,7
Canada,-78.25,44.5333	0,3,7
Canada,-78.5,45.0833	1,1,7
Canada,-78.6833,43.9	0,8,7
Canada,-79.2167,43.2167	-1,8,7
Canada,-79.4167,43.7833	0,14,7
Canada,-79.6667,43.4333	1,50,7
Canada,-80.5333,43.4667	0,125,7
Canada,-80.9667,46.5	0,24,7
Canada,-81.0,43.4667	0,4,7
Canada,-82.4667,45.9167	-1,10,7
Canada,-83.1,42.1	-5,10,7
Canada,-89.2333,48.4	0,20,7
Canada,-91.6167,48.75	3,7,7
Canada,-95.0,60.0	-2,9333,7
Canada,-97.0,55.0	2,14,7
Canada,-97.1667,49.8833	-1,222,7
Canada,-97.7167,52.15	-1,222,7
CapeVerde,-24.0,16.0	1,5,7
CapeVerde,-24.3667,16.5667	-1,1,7
CaymanIslands,-80.5,19.5	0,62,7
CentralAfricanRepublic,17.261,7.29624	-2,1,7
CentralAfricanRepublic,17.65,3.8	-4,131,7
CentralAfricanRepublic,18.5409,4.32414	-5,6,7
CentralAfricanRepublic,18.7553,4.40194	0,9,7
CentralAfricanRepublic,20.5907,4.56671	-4,10,7
Chad,14.3101,13.5334	-3,242,7
Chad,18.2688,8.92757	-1,8,7
Chile,-72.5753,-41.4315	-9,2,7
China,102.0,38.0	-6,2,7
China,105.0,35.0	-2,2069,7
China,105.007,31.7286	3,3,7
China,105.39,32.2971	-1,4,7
China,105.993,31.3215	0,8,7
China,106.553,29.5628	0,15,7
China,106.59,31.7702	-8,6,7
China,109.5,19.0	0,2,7
China,110.15,22.6333	0,13,7
China,111.836,38.1439	-8,2,7
China,111.843,22.487	3,6,7
China,112.422,33.415	-8,10,7
China,112.539,33.4898	-1,1,7
China,112.762,21.6116	-2,8,7
China,113.186,22.493	-1,10,7
China,113.294,38.4317	-7,315,7
China,113.608,23.115	0,16,7
China,115.35,33.25	-6,2,7
China,116.274,27.7481	-4,260,7
China,117.052,27.5108	-3,3352,7
China,118.769,30.8938	0,16,7
China,118.778,32.0617	0,23,7
China,119.699,30.0786	0,2,7
China,119.735,32.1533	-2,7,7
China,120.18,32.9274	0,21,7
China,120.667,27.9994	-2,4,7
China,121.458,31.2222	0,262,7
China,121.549,29.8782	2,5,7
China,125.323,43.88	1,8,7
China,128.65,45.8833	-8,37,7
China,129.423,42.7714	0,21,7
China,129.768,43.0999	-4,8,7
China,76.4,39.1	1,24,7
China,78.7,33.5	0,5320,7
China,90.0,32.0	0,36,7
China,92.0,33.0	1,16,7
China,96.2,31.1	1,10,7
Colombia,-72.5078,7.89391	-5,262,7
Colombia,-72.7919,8.10566	-6,122,7
Colombia,-74.4,4.6	-5,2,7
Colombia,-74.7964,10.9639	4,1,7
Comoros,44.4167,-12.25	-4,8,7
CostaRica,-83.6402,9.31424	-2,2224,7
CostaRica,-84.0,10.0	-1,1473,7
Croatia,14.5564,45.2089	-2,4,7
Croatia,15.5,45.1667	-4,967,7
Croatia,16.0,45.8	-4,372,7
Croatia,18.6164,45.6258	-7,8,7
Croatia,18.6939,45.5511	-7,10,7
Cuba,-77.25,20.0833	4,6,7
Cuba,-77.635,21.9925	2,4,7
Cuba,-77.9169,21.3808	-1,722,7
Cuba,-78.9417,21.9578	0,1,7
Cuba,-80.0,21.5	-2,5469,7
Cuba,-80.4,22.3333	1,4,7
Cuba,-81.9431,23.1289	-1,1,7
Cuba,-82.2667,23.05	-4,10,7
Cuba,-82.3003,23.1239	1,20,7
Cuba,-82.3642,23.1319	-1,3388,7
Cuba,-82.43,23.0767	-2,5,7
Cuba,-90.0,25.0	-1,1,7
Cyprus,32.4167,34.7667	3,4,7
Cyprus,32.525,34.7958	-3,8,7
Cyprus,33.3375,34.7333	1,7,7
Cyprus,34.0,34.9917	-3,18,7
CzechRepublic,13.4136,50.4635	0,4,7
CzechRepublic,13.4257,49.342	0,1,7
CzechRepublic,13.4704,49.1538	0,28,7
CzechRepublic,14.3283,50.0699	0,4,7
CzechRepublic,14.4667,50.0833	-1,1296,7
CzechRepublic,14.5,50.0	0,23,7
CzechRepublic,14.8153,50.5662	-5,15,7
CzechRepublic,17.2106,49.0289	-7,10,7
CzechRepublic,17.3943,49.1057	-5,10,7
Czechoslovakia,17.5788,47.8921	-4,80,7
Czechoslovakia,21.2581,48.7139	-1,64,7
DemocraticRepublicoftheCongo,20.8955,4.22341	1,2,7
Denmark,12.5781,55.6751	-1,6,7
Djibouti,42.9294,11.3103	0,22,7
Djibouti,43.0,11.5	0,119,7
Djibouti,43.35,12.5833	-8,13,7
Dominica,-61.2833,15.25	-3,20,7
Ecuador,-78.5,-0.216667	-2,3392,7
Ecuador,-79.9,-2.16667	-1,16,7
Egypt,30.0607,31.3197	-5,4,7
Egypt,30.9169,29.9464	1,12,7
Egypt,30.9401,31.1143	-9,19,7
Egypt,31.2131,30.0652	-4,17,7
Egypt,31.2367,30.0428	0,6,7
Egypt,31.2399,30.0395	-3,42,7
Egypt,31.25,30.05	-2,2197,7
Egypt,31.502,30.5877	1,4,7
EquatorialGuinea,-10.0,11.0	0,40,7
EquatorialGuinea,8.78333,3.75	-4,4,7
Eritrea,38.7472,15.3644	-2,5,7
Ethiopia,34.5833,8.25	-3,336,7
Ethiopia,37.55,6.03333	-6,13,7
Ethiopia,37.7833,12.1167	-5,14,7
Ethiopia,38.2667,4.55	-3,5,7
Ethiopia,38.8,3.61667	-2,6,7
Ethiopia,39.3833,7.91667	-2,36,7
Ethiopia,39.4833,12.1833	-2,6,7
Ethiopia,40.2667,10.75	-2,6,7
Ethiopia,42.8,9.35	-4,14,7
Fiji,175.0,-18.0	-2,122,7
Fiji,177.417,-17.8	-4,21,7
Finland,23.0833,63.1	-4,2,7
Finland,24.1833,65.85	-3,72,7
Finland,24.9342,60.1756	-4,681,7
Finland,25.2667,60.3667	-2,2,7
Finland,25.5,64.9167	-4,167,7
Finland,25.6333,63.9667	-3,2,7
Finland,25.6667,60.9667	-8,20,7
Finland,26.0,64.0	-3,859,7
Finland,26.25,66.75	0,3,7
Finland,32.0,64.0	-2,3,7
France,-0.300698,46.8691	-2,4,7
France,-0.326822,49.1972	-2,1,7
France,-1.36719,45.9967	-1,10,7
France,0.161616,43.8862	-8,88,7
France,0.340313,43.4764	-2,2,7
France,0.75945,45.7847	-1,10,7
France,1.08333,49.4333	0,1,7
France,1.08654,49.9204	-3,4,7
France,1.24045,43.0013	1,1,7
France,1.58571,50.5243	-2,10,7
France,1.75321,50.9456	-6,59,7
France,2.03307,44.6116	0,10,7
France,2.16906,49.5164	-6,10,7
France,2.27691,50.0368	-5,50,7
France,2.31394,48.8162	-8,1,7
France,2.33908,48.7038	1,1,7
France,2.39627,48.9281	-1,3,7
France,2.44454,51.0186	-7,5,7
France,2.50648,48.9068	-1,64,7
France,2.68917,49.0585	0,18,7
France,2.79785,48.3979	-3,30,7
France,3.65755,49.9918	-2,8,7
France,4.09225,45.1872	4,7,7
France,4.43237,45.7182	2,10,7
France,4.45858,44.7011	-4,30,7
France,4.49802,45.3633	3,2,7
France,4.6803,45.2537	-6,10,7
France,5.73333,45.6333	-2,18548,7
Gabon,11.75,-1.0	-3,27,7
Gambia,-16.5667,13.4667	-3,139,7
GazaStrip,34.3925,31.4486	-10,1,7
GazaStrip,34.5358,31.5353	-2,16,7
Georgia,44.0,42.3333	1,20,7
Georgia,44.7908,41.725	-3,17,7
Georgia,44.9932,41.5495	-4,11,7
Germany,10.0,53.55	-4,276,7
Germany,10.1333,53.5667	-7,30,7
Germany,10.2167,47.7833	1,4,7
Germany,10.3167,47.6833	-7,2,7
Germany,10.7333,51.2833	-5,25,7
Germany,11.0039,49.5897	-2,262,7
Germany,11.4167,49.2333	-7,41,7
Germany,11.6833,48.1167	-6,4,7
Germany,11.7333,48.4	-9,30,7
Germany,11.85,53.4333	-7,50,7
Germany,11.8606,51.1153	-3,6,7
Germany,11.9167,52.85	-5,5,7
Germany,12.0,50.9833	-4,192,7
Germany,12.3333,51.3	-2,46,7
Germany,12.3833,51.2	-11,60,7
Germany,12.5833,52.7	-3,49,7
Germany,12.6,52.1333	-4,8,7
Germany,13.0,51.0	-6,284,7
Germany,13.0333,51.0667	-4,4,7
Germany,13.4,52.5167	-3,16448,7
Germany,13.65,51.0167	-8,139,7
Germany,13.75,51.05	0,114,7
Germany,14.3333,51.7667	-12,10,7
Germany,14.75,51.0167	1,3,7
Germany,6.36667,51.15	1,10,7
Germany,6.6,51.8333	2,7,7
Germany,6.68333,51.4167	-4,4,7
Germany,6.76667,51.5167	-5,35,7
Germany,7.08333,52.4333	-1,2,7
Germany,7.1,50.7333	-2,396,7
Germany,7.18333,51.2667	0,6,7
Germany,7.38333,51.6667	-5,10,7
Germany,7.4,50.5833	-3,20,7
Germany,7.53333,51.3	-5,10,7
Germany,7.53333,53.15	2,4,7
Germany,7.68333,51.5333	-12,6,7
Germany,7.83333,50.7	-8,1,7
Germany,8.03333,50.8667	-6,10,7
Germany,8.13333,53.2333	3,10,7
Germany,8.25,48.0	-2,8,7
Germany,8.46472,49.4883	5,8,7
Germany,8.58333,48.95	-6,16,7
Germany,8.61667,53.05	-6,5,7
Germany,8.65,50.5833	-5,21,7
Germany,9.03333,52.2333	-5,4,7
Germany,9.05,52.2667	0,21,7
Germany,9.11667,51.8	-3,15,7
Germany,9.36667,51.1833	-13,10,7
Germany,9.43333,54.7833	-1,2,7
Germany,9.66667,53.3167	-7,3984,7
Germany,9.71667,52.3667	-1,1746,7
Germany,9.96667,53.3	-9,32,7
Ghana,-0.216667,5.55	-5,67,7
Greece,20.7667,38.95	-3,2,7
Greece,21.2667,40.7	-2,5,7
Greece,21.8,38.4667	-6,2,7
Greece,22.6667,38.4333	-4,2,7
Greece,23.2333,40.3333	-2,2,7
Greece,23.5381,37.9928	-6,60,7
Greece,24.1,35.2	-1,1,7
Greece,24.5667,38.0167	-6,4,7
Greece,25.0,38.0	-6,48,7
Greece,25.3959,36.3584	-5,17,7
Greece,27.3386,36.8903	-4,132,7
Greece,27.8378,36.6125	-4,17,7
Greenland,-40.0,72.0	-4,6,7
Guam,145.096,13.2613	-2,241,7
Guatemala,-90.15,14.1667	-7,5,7
Guatemala,-92.0333,14.7167	2,2,7
Guyana,-59.0,5.0	-1,69,7
Haiti,-72.335,18.5392	-1,718,7
Haiti,-72.4167,19.0	-1,410,7
Honduras,-85.0,15.1667	0,30,7
Honduras,-86.5,15.0	-1,280,7
Honduras,-88.0333,15.5	-5,5,7
HongKong,114.2,22.35	-4,10,7
Hungary,17.1539,47.9134	-5,50,7
Hungary,18.8702,47.8192	-6,28,7
Hungary,19.8851,46.2181	-4,1623,7
Hungary,20.0337,46.188	-5,931,7
Hungary,20.1667,46.25	-6,435,7
Hungary,21.1167,47.9333	-3,2,7
Hungary,21.5,48.1833	-10,20,7
Iceland,-18.0,65.0	-1,834,7
Iceland,-22.0784,64.3221	-3,8,7
India,69.6,21.6333	0,6,7
India,72.8258,18.975	-2,322,7
India,72.8333,19.1167	-3,1,7
India,72.8333,19.1833	0,2,7
India,72.9333,19.05	0,21,7
India,73.15,19.2167	-1,5,7
India,73.7833,18.6167	-1,10,7
India,74.6333,26.45	-4,6,7
India,74.75,34.5667	2,10,7
India,75.0,12.5	-5,5,7
India,75.7667,33.3167	-2,1,7
India,75.8167,26.9167	0,18,7
India,75.8333,22.7167	-3,6,7
India,76.2333,9.96667	0,10,7
India,76.3167,32.2167	-6,96,7
India,76.4,10.2	-3,4,7
India,76.5,10.0	1,18,7
India,76.5,24.15	-8,8,7
India,77.1833,30.7167	-8,16,7
India,77.2167,28.6667	-1,1080,7
India,77.2333,28.65	-3,1,7
India,77.25,31.9167	0,28,7
India,77.3167,28.35	-6,26,7
India,77.4333,28.6667	-3,10,7
India,77.6,24.6167	1,4,7
India,78.0,11.0	-2,99,7
India,78.3167,27.0167	-5,2,7
India,78.8662,24.8252	0,135,7
India,79.4,9.18333	1,10,7
India,79.5833,18.0	0,6,7
India,79.8333,10.7667	-3,20,7
India,79.9414,27.0191	-5,10,7
India,80.15,13.4	-4,2,7
India,80.2297,12.8	-3,10,7
India,80.2833,13.0833	0,116,7
India,80.35,26.4667	-3,11,7
India,83.1333,27.45	0,6,7
India,86.7214,21.935	-4,4,7
India,89.8333,26.6167	2,8,7
India,90.6167,26.1667	-6,10,7
India,91.7333,26.1833	-4,92,7
India,92.7333,11.6	0,12,7
India,93.0,23.0	-2,9,7
India,93.4667,26.6	-7,5,7
Indonesia,105.933,-1.71667	-1,9,7
Indonesia,107.5,-6.75	-3,19,7
Indonesia,108.173,-7.4682	-3,43,7
Indonesia,108.543,-6.7619	-2,2,7
Indonesia,108.949,-7.75111	-2,2,7
Indonesia,112.51,-7.7394	0,133,7
Indonesia,112.589,-7.0862	-1,6,7
Indonesia,115.217,-8.65	-4,4,7
Indonesia,116.458,-8.4117	-3,2,7
Indonesia,119.422,-5.14	-5,11,7
Indonesia,119.641,-9.6365	-4,32,7
Indonesia,120.711,-1.6153	0,8,7
Indonesia,122.95,-10.9333	-2,10,7
Indonesia,128.181,-3.69543	-1,322,7
Indonesia,134.267,-6.06667	-2,1018,7
Indonesia,95.2814,5.5583	-5,713,7
Indonesia,95.9677,5.2671	-8,4,7
Indonesia,97.1507,5.1801	-3,294,7
Indonesia,97.4357,5.1715	-2,97,7
Indonesia,97.9366,2.5378	-5,230,7
Indonesia,98.2667,2.85	-3,3,7
Indonesia,98.3798,3.5263	-6,10,7
Indonesia,98.4209,3.9189	1,1,7
Indonesia,98.6667,3.58333	-1,71,7
Indonesia,99.0184,3.5292	-3,31,7
Iran,44.4809,39.2944	-4,1,7
Iran,44.9521,38.5503	-4,5,7
Iran,48.5731,29.9497	-5,2,7
Iran,51.6078,32.6644	-3,20,7
Iran,54.3675,31.8972	0,13,7
Iran,56.8848,29.8628	-4,14,7
Iran,61.3667,25.4	1,2,7
Iran,62.7736,26.7908	-3,1124,7
Iraq,42.3649,36.8845	-3,4,7
Iraq,42.7339,35.5729	-4,10,7
Iraq,42.8464,36.858	-1,4,7
Iraq,42.9884,36.8671	-1,299,7
Iraq,43.4833,33.0833	-4,1,7
Iraq,43.4877,37.0921	-7,10,7
Iraq,43.8739,34.1966	1,1,7
Iraq,43.9924,36.2301	-5,43,7
Iraq,44.1856,36.6284	-3,18,7
Iraq,44.3101,36.5198	-1,2,7
Iraq,44.3291,31.9892	0,9,7
Iraq,44.338,36.3995	-7,4,7
Iraq,44.4616,33.3977	2,1,7
Iraq,44.5386,31.5908	-1,118,7
Iraq,44.7659,33.9137	-2,4,7
Iraq,44.8167,34.0333	-5,6,7
Iraq,44.8343,35.5336	-6,10,7
Iraq,45.0,34.0	-7,14,7
Iraq,45.939,35.7854	0,2,7
Iraq,45.9876,35.5371	-2,10,7
Iraq,46.55,30.8333	0,82,7
Iraq,47.1167,30.9833	-6,13,7
Iraq,47.6019,30.8044	-4,6,7
Ireland,-10.4028,51.88	0,1,7
Ireland,-4.0,54.0	-3,4,7
Ireland,-5.0,53.6667	-5,9,7
Ireland,-6.06528,53.3878	0,4,7
Ireland,-6.23778,53.6406	-1,4,7
Ireland,-6.24083,53.6664	-4,10,7
Ireland,-6.57361,52.8992	-1,7,7
Ireland,-6.66083,53.5992	-8,4,7
Ireland,-6.66667,52.5	0,1,7
Ireland,-7.35,53.5333	-1,13,7
Ireland,-7.4,53.0	0,3,7
Ireland,-8.0,53.0	0,2544,7
Ireland,-8.59333,54.6339	1,2,7
Ireland,-8.64528,52.9247	2,9,7
Ireland,-8.92,53.2683	0,4,7
Ireland,-9.1,53.4667	2,2,7
Ireland,-9.44361,52.9631	0,1,7
Israel,34.3951,31.3356	-2,5,7
Israel,34.4028,31.2473	-1,79,7
Israel,34.5715,31.6693	-2,70,7
Israel,34.6667,29.0	-1,6,7
Israel,34.6809,31.7444	1,44,7
Israel,34.7208,31.8155	0,3,7
Israel,34.75,31.5	-1,9936,7
Israel,34.7642,31.61	-5,7,7
Israel,34.7833,32.05	-3,7,7
Israel,34.8667,31.8667	-3,2,7
Israel,34.8883,32.1508	4,2,7
Israel,34.9358,32.1817	-2,3,7
Israel,34.9426,32.7107	-5,10,7
Israel,35.0,31.75	-6,8,7
Israel,35.0193,32.482	-3,3,7
Israel,35.0195,32.7618	-2,20,7
Israel,35.0333,31.0667	0,15,7
Israel,35.0765,32.9281	-4,10,7
Israel,35.1,31.5333	-3,212,7
Israel,35.3022,32.6563	-1,2,7
Israel,35.3048,32.6993	0,34,7
Israel,35.3333,32.9	-3,6,7
Israel,35.3833,31.45	0,26,7
Israel,35.5,31.5	0,6,7
Israel,35.5066,32.7036	2,5,7
Israel,35.5532,33.1015	0,10,7
Israel,35.5735,32.6421	-3,10,7
Italy,11.15,42.4	-1,30,7
Italy,12.1233,44.0775	4,6,7
Italy,12.2256,45.6989	-3,15,7
Italy,12.4833,41.9	-3,3572,7
Italy,12.4833,43.1	-2,32,7
Italy,12.5808,44.0633	-11,8,7
Italy,12.8,41.9667	6,5,7
Italy,13.5942,46.5108	-3,30,7
Italy,14.85,36.7167	-4,50,7
Italy,15.1833,40.25	2,10,7
Italy,16.85,41.1333	0,6,7
Italy,17.1333,39.0833	-10,18,7
Italy,8.05,45.5667	-2,6,7
Italy,8.52222,39.1672	-4,5,7
Italy,8.52667,39.3633	1,8,7
Italy,9.0,40.0	-5,38,7
Italy,9.11667,39.2167	-3,45,7
Italy,9.2,45.4667	-2,413,7
Jamaica,-76.45,18.15	-3,1,7
Jamaica,-76.9204,18.3829	-4,8,7
Japan,132.45,34.4	-3,10,7
Japan,133.117,34.3333	-7,43,7
Japan,135.5,34.6667	-3,42,7
Japan,135.5,35.0	0,59,7
Japan,136.9,37.4	-3,7,7
Japan,139.35,35.9	2,1,7
Japan,139.677,35.8955	-4,10,7
Japan,140.885,38.2547	-1,25,7
Jersey,-2.12585,49.1961	-2,342,7
Jordan,35.4547,29.6779	-1,8,7
Jordan,35.7686,32.0103	-8,10,7
Jordan,35.9333,31.95	-2,4455,7
Jordan,36.0,31.0	-2,7679,7
Kazakhstan,68.0,48.0	-2,92,7
Kenya,34.5833,0.5	0,1,7
Kenya,35.3564,-0.076014	-7,4,7
Kenya,35.8601,-1.07829	0,4,7
Kenya,37.05,-0.733333	-4,10,7
Kenya,38.0,1.0	-1,467,7
Kenya,38.4619,-2.99208	-4,8,7
Kenya,39.6401,-0.453548	-5,744,7
Kenya,39.8499,-3.63045	-5,16,7
Kenya,40.3086,0.060832	-5,1359,7
Kiribati,172.933,1.35	-2,11,7
Kosovo,21.0,42.5833	-4,584,7
Kosovo,21.2208,42.4656	-4,6,7
Kuwait,47.6581,29.3375	-1,479,7
Kuwait,48.3742,29.7819	0,10,7
Laos,106.05,16.3167	0,16,7
Latvia,25.0,57.0	-3,74,7
Latvia,28.0209,56.2113	-1,1,7
Lebanon,35.5097,33.8719	-2,2998,7
Lebanon,35.5442,33.8339	2,22,7
Lebanon,35.7969,33.7219	-5,2085,7
Lebanon,35.8333,33.6667	-1,430,7
Lebanon,35.9042,33.7747	1,24,7
Lebanon,35.9042,33.8497	-3,4,7
Lebanon,35.9206,33.7117	-4,8,7
Lebanon,36.0,33.8333	-2,496,7
Lebanon,36.0106,34.2508	2,1466,7
Lebanon,36.2181,34.0058	-6,4,7
Liberia,-10.3517,6.53	0,8,7
Liberia,-10.8047,6.31056	-1,45,7
Libya,12.7805,26.5921	-5,36,7
Libya,13.0692,32.1386	-1,1,7
Libya,16.5887,31.2089	-2,78,7
Libya,23.25,24.1667	-7,10,7
Libya,9.50072,30.1337	2,2,7
Lithuania,25.3167,54.6833	-2,126,7
Luxembourg,5.95611,49.6483	2,20,7
Luxembourg,6.1667,49.75	-2,311,7
Luxembourg,6.36583,49.4717	-3,284,7
Macau,113.55,22.1667	-2,9,7
Macedonia,21.5167,42.05	-11,23,7
Macedonia,21.9433,41.155	0,5,7
Macedonia,22.0,41.8333	-4,546,7
Madagascar,47.0,-20.0	0,24,7
Madagascar,47.5167,-18.9167	-1,196,7
Malawi,34.6398,-14.8176	0,4,7
Malawi,35.2667,-16.9167	-6,31,7
Malawi,35.504,-16.0254	4,2,7
Malaysia,100.335,5.41123	-3,50,7
Malaysia,100.384,5.52719	0,1,7
Malaysia,101.083,4.5841	-1,6,7
Malaysia,101.25,3.35	-8,10,7
Malaysia,101.7,3.16667	-2,682,7
Malaysia,102.1,5.48333	-5,256,7
Malaysia,102.199,5.5313	0,59,7
Malaysia,102.214,5.76407	1,4,7
Malaysia,102.235,6.18837	0,2,7
Malaysia,103.326,3.8077	1,6,7
Malaysia,103.587,1.4484	-2,61,7
Malaysia,103.9,1.7381	0,20,7
Malaysia,111.817,2.3	-5,10,7
Malaysia,112.5,2.5	-4,5167,7
Malaysia,115.0,4.0	-5,10,7
Malaysia,116.43,6.351	1,12,7
Malaysia,116.556,6.0801	-4,10,7
Maldives,72.95,5.13333	-6,2,7
Maldives,73.0,3.25	-3,35,7
Mali,-3.67075,16.4145	-3,8,7
Mali,-7.7146,14.9214	-5,16,7
Mali,-8.0,12.65	-4,748,7
Malta,14.5128,35.8922	-7,1,7
Malta,14.5169,35.8875	-8,1,7
Mauritania,-16.0406,18.1194	-5,30,7
Mauritius,57.3661,-20.3603	-4,3,7
Mauritius,57.5203,-20.3147	-1,5,7
Mauritius,57.55,-20.2833	0,5,7
Mexico,-101.0,25.4167	-4,25,7
Mexico,-102.467,21.9583	1,2,7
Mexico,-103.317,21.2667	1,10,7
Mexico,-104.4,19.35	2,2,7
Mexico,-104.9,21.5	-5,11,7
Mexico,-104.95,24.0833	1,10,7
Mexico,-105.117,19.5833	-5,10,7
Mexico,-105.25,20.6167	-4,1489,7
Mexico,-105.371,22.525	-4,9,7
Mexico,-108.033,30.1167	-1,2,7
Mexico,-108.633,30.7833	0,16,7
Mexico,-110.9,27.9333	0,24,7
Mexico,-111.517,31.45	-1,2,7
Mexico,-112.833,31.85	-6,5,7
Mexico,-91.4333,17.4833	-4,1018,7
Mexico,-91.75,16.5	-5,143,7
Mexico,-92.2833,14.9	-1,88,7
Mexico,-93.75,18.4917	-1,70,7
Mexico,-93.7833,16.4167	-2,5,7
Mexico,-96.0014,18.1181	-7,10,7
Mexico,-98.5708,20.4472	1,2,7
Mexico,-98.75,17.55	-5,40,7
Mexico,-98.8833,21.7667	-5,7,7
Mexico,-99.1386,19.4342	-1,147,7
Mexico,-99.25,18.9167	0,4,7
Mexico,-99.5167,27.5	-4,5,7
Mexico,-99.8206,24.4458	1,10,7
Mexico,-99.9167,16.85	-3,1781,7
Micronesia,138.1,9.51667	-7,6,7
Micronesia,151.884,7.445	-3,4,7
Micronesia,158.0,7.0	0,6,7
Moldova,28.8575,47.0056	1,2,7
Mongolia,105.0,46.0	-1,13,7
Montenegro,19.3,42.5	-4,24,7
Morocco,-1.90764,34.6805	-5,2,7
Morocco,-7.61,33.59	-5,11,7
Myanmar,92.3762,21.0038	-1,10,7
Myanmar,93.8333,18.9333	-2,94,7
Myanmar,94.35,18.4333	-4,60,7
Myanmar,95.15,21.1667	0,74,7
Myanmar,96.05,22.6333	0,4,7
Myanmar,96.0833,22.0	-4,32,7
Myanmar,96.1272,16.4539	-4,2,7
Myanmar,96.1297,19.745	-3,41,7
Myanmar,96.1561,16.8053	-3,562,7
Myanmar,98.15,14.9667	-2,4,7
Myanmar,98.2333,16.55	-1,8,7
Myanmar,98.2333,22.6333	-2,10,7
Namibia,17.3667,-21.0167	-4,20,7
Namibia,24.2667,-17.5	-6,4,7
Nauru,166.917,-0.5333	-3,3162,7
Nauru,166.95,-0.516667	-5,3,7
Nepal,80.9712,29.267	-1,4,7
Nepal,84.0,27.6667	-4,8,7
Nepal,84.7833,27.8167	-7,40,7
Nepal,85.3167,27.7167	-1,1390,7
Nepal,85.5226,28.2172	0,563,7
Nepal,85.75,27.9167	0,1,7
Nepal,86.0743,27.6791	0,48,7
Nepal,86.75,27.75	-1,3,7
Nepal,86.8167,27.95	0,6,7
Nepal,87.0461,27.1715	0,14,7
Nepal,87.6723,27.3571	-4,4,7
Netherlands,4.5,51.9167	-6,28,7
Netherlands,4.87679,52.3107	-6,6,7
Netherlands,5.75,52.5	-2,2480,7
Netherlands,5.96232,50.8828	1,19,7
Netherlands,7.06669,52.8827	-4,17,7
NewZealand,167.333,-45.1667	2,5,7
NewZealand,170.7,-45.7833	-2,10,7
NewZealand,172.517,-43.5833	-4,32,7
NewZealand,173.733,-41.5333	-1,12,7
NewZealand,174.0,-41.0	-1,2810,7
NewZealand,174.083,-39.0667	-1,30,7
NewZealand,174.25,-39.3333	-4,18,7
NewZealand,174.583,-36.75	-1,196,7
NewZealand,174.7,-36.5667	-2,4,7
NewZealand,174.783,-41.2333	-2,20,7
NewZealand,175.15,-37.4	-1,5,7
NewZealand,175.217,-38.0167	-4,12,7
NewZealand,175.5,-38.0	-2,31,7
NewZealand,176.188,-37.6906	-3,10,7
Nicaragua,-85.0,13.0	-3,153,7
Nicaragua,-86.3377,11.8697	-2,12,7
Nicaragua,-87.027,12.5776	1,1,7
Nicaragua,-87.041,12.5539	-1,7,7
Niger,7.03333,13.85	-3,2,7
Nigeria,12.5,9.33333	-4,15,7
Nigeria,13.713,11.1036	-4,32,7
Nigeria,2.96667,7.3	-5,36,7
Nigeria,3.9373,12.7428	-7,75,7
Nigeria,6.28493,12.3337	1,2,7
Nigeria,6.62886,6.01379	1,6,7
Nigeria,7.03041,5.48333	-3,8,7
Nigeria,7.44028,10.5231	-9,10,7
Nigeria,8.0,10.0	-2,626,7
Nigeria,8.0057,5.2982	-2,14,7
NorthKorea,128.083,40.17	-5,2,7
Norway,10.0,62.0	-3,4670,7
Norway,12.5667,66.2333	-4,1,7
Norway,17.1333,68.75	-6,2,7
Norway,30.0517,69.725	-3,533,7
Norway,5.13333,60.25	-1,4,7
Norway,6.8,59.2333	-4,10,7
Norway,9.66667,59.15	-4,8,7
Oceans,155.0,-20.0	-6,10,7
Oceans,25.0,39.0	-6,515,7
Oceans,51.0,27.0	-4,129,7
Pakistan,66.8209,30.9548	-1,4,7
Pakistan,67.05,24.8667	-2,701,7
Pakistan,67.0854,24.9455	-6,14,7
Pakistan,67.5781,30.223	-5,6,7
Pakistan,67.819,27.9764	-3,2,7
Pakistan,69.1167,28.0833	-5,45,7
Pakistan,70.9732,31.4318	-1,4,7
Pakistan,71.4333,30.0667	-2,4,7
Pakistan,71.472,30.9507	-7,10,7
Pakistan,71.4753,30.1956	-3,36,7
Pakistan,71.6469,34.1779	0,22,7
Pakistan,71.9522,32.7756	-4,3,7
Pakistan,72.0831,34.2848	-5,1,7
Pakistan,72.1833,31.6833	0,5,7
Pakistan,72.2222,33.5792	-1,2,7
Pakistan,72.2694,29.7167	-1,3,7
Pakistan,72.2936,33.2642	6,2,7
Pakistan,72.3173,34.9765	-2,16,7
Pakistan,72.3561,29.7931	-5,1,7
Pakistan,72.4056,30.9333	-5,78,7
Pakistan,72.4694,30.9708	0,24,7
Pakistan,72.6899,34.5258	-5,3,7
Pakistan,72.8975,31.5023	-5,8,7
Pakistan,72.9159,34.4804	-2,1,7
Pakistan,73.0833,31.4167	2,4,7
Pakistan,73.2145,34.1469	-3,291,7
Pakistan,73.2333,30.6333	0,105,7
Pakistan,73.3929,33.9073	-1,10,7
Pakistan,73.5131,34.7885	-7,40,7
Pakistan,73.9222,31.475	-3,2,7
Pakistan,73.9875,32.7768	0,3,7
Pakistan,74.1833,32.15	-9,6,7
Pakistan,74.2439,32.024	-3,4,7
Pakistan,74.5898,35.237	0,4,7
Pakistan,74.6353,32.7017	-4,2,7
Panama,-79.5333,8.96667	0,94,7
PapuaNewGuinea,147.193,-9.46472	0,15,7
Paraguay,-58.0,-23.0	-6,57,7
Philippines,120.167,15.3333	5,10,7
Philippines,120.55,16.45	-1,200,7
Philippines,120.591,15.1406	4,3,7
Philippines,120.592,15.4894	3,4,7
Philippines,120.623,14.9483	3,6,7
Philippines,121.069,14.659	0,28,7
Philippines,121.417,14.4622	1,8,7
Philippines,121.45,14.4333	-2,1,7
Philippines,123.337,13.3594	1,12,7
Philippines,123.373,9.7864	-1,10,7
Philippines,123.4,8.63333	-2,2,7
Philippines,123.4,9.7064	-3,350,7
Philippines,124.3,7.13333	-3,112,7
Philippines,124.487,11.3697	1,27,7
Philippines,124.968,11.2622	2,2,7
Philippines,125.005,11.2433	0,15,7
Philippines,125.559,7.77056	-2,2,7
Philippines,126.073,7.59195	0,10,7
Poland,18.02,53.1271	2,7,7
Poland,18.6766,50.2976	-2,2,7
Poland,19.1784,54.3265	-2,6,7
Poland,20.3405,49.6829	0,5,7
Poland,20.8019,50.6893	-1,2,7
Poland,20.8963,50.2749	-5,4,7
Poland,20.9167,52.9833	0,4,7
Poland,21.0,52.25	-1,3767,7
Poland,22.0435,49.4516	-3,2,7
Poland,22.7276,50.5358	-1,2,7
Poland,23.8137,53.1787	-2,4,7
Portugal,-31.2167,39.4333	-1,7,7
Portugal,-8.0,39.5	-2,209,7
Portugal,-8.12829,40.3126	3,2,7
PuertoRico,-66.4838,18.2359	0,69,7
Qatar,51.5333,25.2867	-1,133,7
Qatar,51.5592,25.2525	-1,2,7
Reunion,55.4667,-20.8667	-8,37,7
Romania,21.9167,46.35	-3,10,7
Romania,22.4,47.55	-3,1,7
Romania,23.8833,47.9333	-4,30,7
Romania,24.15,45.8	-3,18,7
Romania,24.9,44.7833	-1,4,7
Romania,25.0,46.0	-2,1739,7
Romania,27.4667,44.7333	-3,26,7
Russia,100.0,60.0	-2,5818,7
Russia,103.728,53.4763	-4,4,7
Russia,107.375,51.7306	-1,2,7
Russia,132.35,43.05	-3,2,7
Russia,152.812,47.52	0,5,7
Russia,175.017,61.9667	-10,3,7
Russia,30.1442,69.6504	-4,4,7
Russia,31.3886,54.2644	0,4,7
Russia,36.1873,51.7373	-6,3,7
Russia,36.5802,50.6107	0,20,7
Russia,39.7257,43.5992	0,9,7
Russia,41.5724,44.7969	-2,5,7
Russia,42.0578,44.2233	-10,10,7
Russia,43.5,43.5	-6,4,7
Russia,43.5,43.6667	-4,1,7
Russia,43.6189,43.4981	-6,5,7
Russia,44.25,43.0	-7,2,7
Russia,44.2892,43.9861	0,2,7
Russia,46.8645,42.4692	0,6,7
Russia,51.4691,61.8499	-4,4,7
Russia,58.3667,67.4	-3,3,7
Russia,73.4,55.0	2,10,7
Russia,90.0,53.3333	-2,2,7
Rwanda,29.3482,-2.0597	-2,12,7
Rwanda,29.5048,-2.631	-4,15,7
Rwanda,29.6667,-2.33333	-3,13,7
Rwanda,30.2413,-2.2048	-4,96,7
Rwanda,30.5,-1.75	-3,61,7
SaintLucia,-61.0,14.0	0,10,7
Samoa,-172.333,-13.5833	4,6,7
SaudiArabia,39.2192,21.5169	-3,179,7
SaudiArabia,39.8261,21.4267	-1,236,7
SaudiArabia,42.75,20.25	0,4,7
SaudiArabia,48.5091,28.4237	-5,8,7
SaudiArabia,50.2083,26.2794	0,5,7
Senegal,-16.3667,14.7667	3,3,7
Senegal,-17.5286,14.7453	0,10,7
Serbia,19.7333,43.9481	-5,14,7
Serbia,20.75,43.75	-5,3097,7
Serbia,21.0663,43.1386	-3,10,7
Serbia,21.6492,42.3092	-6,115,7
Serbia,22.5861,43.1531	-2,8,7
Seychelles,55.45,-4.61667	0,8,7
SierraLeone,-11.6667,8.0	-8,2,7
SierraLeone,-13.2342,8.49	-4,105,7
Singapore,103.78,1.29611	1,2,7
Singapore,103.866,1.33639	-2,2,7
Singapore,103.9,1.3	2,20,7
Slovenia,13.5817,45.5244	0,3,7
Slovenia,15.6833,45.8917	-4,12,7
Slovenia,16.4614,46.5272	-6,120,7
Somalia,42.0,3.0	-2,1,7
Somalia,42.0786,4.17583	1,6,7
Somalia,43.9288,9.60555	-1,732,7
Somalia,46.0,9.0	-4,116,7
Somalia,48.6667,11.2	-4,20,7
Somalia,49.0,9.0	-5,33,7
SouthAfrica,16.4617,-28.5903	0,2,7
SouthAfrica,18.1835,-33.31	0,12,7
SouthAfrica,18.4167,-33.9167	0,80,7
SouthAfrica,18.6792,-34.0393	-7,26,7
SouthAfrica,24.1191,-26.239	-1,1,7
SouthAfrica,26.5632,-26.842	-1,8,7
SouthAfrica,27.1,-26.7167	2,10,7
SouthAfrica,28.0265,-23.2573	3,3,7
SouthAfrica,28.1573,-26.327	-5,14,7
SouthAfrica,28.2294,-25.7069	-3,183,7
SouthAfrica,29.4551,-31.2895	-3,93,7
SouthAfrica,29.7153,-26.1588	2,20,7
SouthAfrica,29.8258,-28.7393	0,1,7
SouthAfrica,30.5833,-29.7333	-2,20,7
SouthAfrica,30.8169,-27.4243	0,3,7
SouthAfrica,30.9373,-29.3737	0,8,7
SouthAfrica,30.9438,-29.997	-4,85,7
SouthAfrica,31.0167,-29.85	-5,329,7
SouthAfrica,31.031,-29.8031	-7,10,7
SouthAfrica,31.0956,-29.7091	-3,5,7
SouthAfrica,31.1552,-27.21	0,2,7
SouthKorea,126.383,35.15	4,6,7
SouthKorea,127.447,34.6411	-2,10,7
SouthSudan,28.4,5.4	-3,20,7
SouthSudan,29.8333,9.23333	-3,283,7
SouthSudan,30.25,5.4	-3,20,7
SouthSudan,30.2711,7.75227	-1,17,7
SouthSudan,31.2772,6.83078	0,23,7
SouthSudan,32.0553,3.59991	-4,10,7
SouthSudan,32.2008,10.4418	-3,15,7
SouthSudan,32.6739,11.0695	-3,58,7
SouthSudan,32.7,10.0	-5,451,7
Spain,-1.08659,37.6558	0,29,7
Spain,-3.5992,37.1784	-1,4,7
Spain,-4.25782,42.7944	2,6,7
Spain,-5.0,40.0	-2,35,7
Spain,-5.60695,36.0139	0,487,7
Spain,-6.06391,37.3446	-2,1,7
Spain,-6.41667,43.2833	4,4,7
Spain,-6.92208,42.3922	-5,10,7
Spain,-9.26337,42.9068	-3,6,7
SriLanka,79.8167,9.08333	-6,20,7
SriLanka,79.8624,6.9261	-7,12,7
SriLanka,80.0388,9.7941	1,7,7
SriLanka,80.0833,9.75	-3,10,7
SriLanka,80.1167,9.81667	1,2,7
SriLanka,80.1482,9.6961	-5,5,7
SriLanka,80.15,9.81667	-2,2,7
SriLanka,80.151,9.66	-3,10,7
SriLanka,80.2214,9.6825	-4,2,7
SriLanka,80.3138,8.6659	-1,7,7
SriLanka,80.3992,6.68278	-5,2,7
SriLanka,80.4971,8.7514	-2,33,7
SriLanka,80.6212,7.5001	0,3,7
SriLanka,80.6356,7.2955	-7,2,7
SriLanka,81.0,7.0	-1,415,7
SriLanka,81.0833,8.58333	0,4,7
SriLanka,81.6667,7.28333	-5,19,7
SriLanka,81.8621,6.9897	-1,6,7
Sudan,22.45,13.45	-5,4,7
Sudan,23.5,13.5	-4,347,7
Sudan,24.35,14.0667	-2,18,7
Sudan,24.8534,13.3267	-6,8,7
Sudan,30.7,12.4333	-2,10,7
Sudan,30.75,12.0	-2,10,7
Sudan,32.4372,15.6361	-1,16,7
Sudan,33.2,19.0	-6,15,7
Sudan,34.1,11.15	-6,39,7
Suriname,-56.0,4.0	-2,28,7
Svalbard,20.0,78.0	-2,5,7
Swaziland,31.1333,-26.3167	-7,10,7
Sweden,11.9667,57.7167	-1,128,7
Sweden,12.3667,59.0167	-9,52,7
Sweden,13.4667,55.7333	-3,10,7
Sweden,15.5833,63.85	-7,251,7
Sweden,15.8333,59.4	-8,22,7
Sweden,18.15,59.2167	-4,1,7
Sweden,18.1667,59.3	2,5,7
Sweden,20.3833,64.8667	-6,200,7
Sweden,22.15,65.5833	-3,197,7
Switzerland,6.14811,46.1956	-4,3173,7
Switzerland,6.23463,46.4779	-1,8,7
Switzerland,9.02054,45.8349	-3,30,7
Switzerland,9.02283,46.1952	-7,2,7
Syria,35.6655,32.8518	-6,2,7
Syria,35.7441,32.7359	-3,113,7
Syria,35.7768,35.5148	-3,248,7
Syria,35.8246,33.1259	-6,3,7
Syria,35.9363,35.4238	-9,24,7
Syria,35.9449,34.7126	-3,6,7
Syria,36.1021,32.6189	-3,263,7
Syria,36.1579,33.8104	-4,6,7
Syria,36.3,33.5	-3,7695,7
Syria,36.4928,32.9291	-1,10,7
Syria,36.629,32.8551	-3,9,7
Syria,36.6564,32.94	-2,18,7
Syria,36.6956,34.7129	-4,23,7
Syria,36.8487,35.4239	-3,4,7
Syria,37.0463,36.5866	-3,20,7
Syria,37.1586,36.2028	-3,10332,7
Syria,37.2407,34.2296	-2,642,7
Syria,37.2693,36.5383	-5,249,7
Syria,37.3266,36.2251	-1,19,7
Syria,38.0111,36.8175	-3,21,7
Syria,38.0875,36.4524	-6,10,7
Syria,38.2979,36.5884	1,2,7
Syria,38.9768,36.6816	-4,339,7
Syria,40.6445,36.7028	-4,64,7
Syria,40.6875,36.1843	-3,26,7
Syria,40.7477,36.5024	-4,9,7
Syria,41.0333,35.8389	-6,53,7
Syria,41.1414,36.7694	-5,9,7
Taiwan,121.0,23.5	1,67,7
Tajikistan,71.0,39.0	-2,6,7
Tanzania,31.9833,-7.41667	2,2,7
Tanzania,32.6,-2.9	-3,9,7
Tanzania,39.1833,-6.16667	-6,3,7
Tanzania,39.2833,-6.8	-3,44,7
Thailand,100.0,15.0	-3,2613,7
Thailand,100.513,13.8622	-1,18,7
Thailand,100.526,13.7085	-3,210,7
Thailand,99.9667,8.43333	-4,18,7
Togo,1.1667,8.0	-4,90,7
TrinidadandTobago,-61.0,11.0	0,174,7
TrinidadandTobago,-61.5167,10.65	0,2,7
Turkey,26.4064,40.1456	-6,45,7
Turkey,26.5167,38.6333	-4,1,7
Turkey,26.5587,41.6757	-5,195,7
Turkey,27.142,38.4104	-4,571,7
Turkey,27.2792,37.0131	-7,35,7
Turkey,27.8861,39.6492	-6,16,7
Turkey,28.2742,36.855	1,6,7
Turkey,28.3665,37.2181	-5,190,7
Turkey,28.8494,39.91	-1,25,7
Turkey,28.9234,40.2907	-10,68,7
Turkey,29.0611,40.1917	0,17,7
Turkey,30.6956,36.9081	-2,176,7
Turkey,32.7746,39.9639	-1,4,7
Turkey,32.8,36.1667	-5,1431,7
Turkey,32.8191,39.9058	0,30,7
Turkey,35.3764,38.7525	-3,58,7
Turkey,35.9765,36.114	-4,190,7
Turkey,36.0,37.0	-7,30,7
Turkey,36.1508,35.8194	-2,10,7
Turkey,36.2478,37.0742	0,7,7
Turkey,36.5672,36.2692	5,10,7
Turkey,37.0696,39.7163	-3,6,7
Turkey,37.115,36.7161	-3,139,7
Turkey,37.3825,37.0594	-3,183,7
Turkey,37.8789,40.9847	-3,1,7
Turkey,38.3167,38.3502	0,4,7
Turkey,38.7939,37.1671	-2,127,7
Turkey,38.9432,37.7129	-3,16,7
Turkey,39.1,36.9567	-3,2,7
Turkey,39.2213,39.1083	-6,1,7
Turkey,39.2667,37.4167	-2,30,7
Turkey,39.8064,38.9101	-3,15,7
Turkey,41.3083,39.5534	0,2,7
Turkey,41.3393,37.4247	-7,561,7
Turkey,41.915,37.875	0,6,7
Turkey,42.1078,38.4011	-10,16,7
Turkey,42.4694,37.2497	-3,10,7
Turkey,43.7408,37.5744	-6,72,7
Turkey,43.8466,38.487	-1,12,7
Turkmenistan,58.3833,37.95	-2,5,7
Uganda,29.6167,-1.3	-5,3,7
Uganda,30.6582,-0.630583	-2,10,7
Uganda,30.8214,1.23944	1,3,7
Uganda,30.9599,3.41364	0,10,7
Uganda,31.1833,0.25	3,30,7
Uganda,31.3436,1.43556	-7,16,7
Uganda,31.7909,3.37786	-1,20,7
Uganda,32.0622,1.87633	-1,18,7
Uganda,32.6489,0.300278	-7,4,7
Ukraine,26.9833,48.6	0,8,7
Ukraine,30.5167,50.4333	-1,348,7
Ukraine,32.0621,49.4285	1,4,7
Ukraine,34.75,44.95	-5,3,7
Ukraine,35.039,48.463	-1,24,7
UnitedArabEmirates,53.75,23.1333	0,2,7
UnitedArabEmirates,55.2444,25.1723	1,8,7
UnitedArabEmirates,55.2529,25.1877	-3,10,7
UnitedArabEmirates,55.28,25.2522	0,289,7
UnitedKingdom,-0.083333,51.5667	-3,8,7
UnitedKingdom,-0.091618,51.4736	3,8,7
UnitedKingdom,-0.093689,51.5141	-6,2,7
UnitedKingdom,-0.166667,51.2833	-3,5,7
UnitedKingdom,-0.196524,51.5207	-1,62,7
UnitedKingdom,-0.216667,50.8333	-4,10,7
UnitedKingdom,-0.25,51.8333	0,27,7
UnitedKingdom,-0.25,53.1667	-1,43,7
UnitedKingdom,-0.250766,51.4046	-3,70,7
UnitedKingdom,-0.283333,51.45	0,30,7
UnitedKingdom,-0.35,51.4667	0,8,7
UnitedKingdom,-0.45,51.4667	-2,12,7
UnitedKingdom,-0.483333,51.55	-9,5,7
UnitedKingdom,-0.5,52.0	-4,3,7
UnitedKingdom,-0.516667,51.8833	-1,10,7
UnitedKingdom,-0.766667,51.6333	-2,28,7
UnitedKingdom,-0.8,51.8167	3,14,7
UnitedKingdom,-0.833333,51.4167	-1,5,7
UnitedKingdom,-0.933333,53.2667	0,7,7
UnitedKingdom,-1.0,53.1667	-2,30,7
UnitedKingdom,-1.03333,51.5667	0,10,7
UnitedKingdom,-1.15,51.9	-5,16,7
UnitedKingdom,-1.16667,52.9667	-1,161,7
UnitedKingdom,-1.35,53.4333	-4,10,7
UnitedKingdom,-1.4,51.5833	-3,1,7
UnitedKingdom,-1.41667,53.15	-4,130,7
UnitedKingdom,-1.45,53.8833	-5,20,7
UnitedKingdom,-1.46667,50.9167	0,12,7
UnitedKingdom,-1.46667,52.4667	-1,20,7
UnitedKingdom,-1.5,54.0	0,111,7
UnitedKingdom,-1.53333,53.9833	-3,46,7
UnitedKingdom,-1.61667,53.7667	3,10,7
UnitedKingdom,-1.61944,54.9881	0,13,7
UnitedKingdom,-1.65,53.7333	4,8,7
UnitedKingdom,-1.68333,53.6667	3,14,7
UnitedKingdom,-1.78333,51.5167	-2,68,7
UnitedKingdom,-1.78333,51.7	-3,10,7
UnitedKingdom,-1.85,53.5833	0,7,7
UnitedKingdom,-2.0,52.8333	-1,10,7
UnitedKingdom,-2.08333,51.9	0,13,7
UnitedKingdom,-2.1,55.8667	-4,2,7
UnitedKingdom,-2.16667,57.1667	1,118,7
UnitedKingdom,-2.21667,53.5	0,320,7
UnitedKingdom,-2.25,52.3833	-5,20,7
UnitedKingdom,-2.42667,50.6375	1,2,7
UnitedKingdom,-2.49056,51.2844	3,10,7
UnitedKingdom,-2.58333,51.45	-2,137,7
UnitedKingdom,-2.61667,59.15	-3,109,7
UnitedKingdom,-2.63333,50.95	-6,17,7
UnitedKingdom,-2.65,52.0167	1,10,7
UnitedKingdom,-2.66667,53.65	5,10,7
UnitedKingdom,-2.75,53.3333	-5,7,7
UnitedKingdom,-2.81667,55.6	1,10,7
UnitedKingdom,-2.86667,54.6833	-1,120,7
UnitedKingdom,-2.91667,50.9333	-6,6,7
UnitedKingdom,-2.93333,53.3667	-10,6,7
UnitedKingdom,-2.96667,53.4333	-2,1,7
UnitedKingdom,-2.99528,51.2417	-5,27,7
UnitedKingdom,-3.00056,51.1297	-6,13,7
UnitedKingdom,-3.06667,56.2833	0,12,7
UnitedKingdom,-3.08333,53.4	-2,24,7
UnitedKingdom,-3.2,52.6	-4,11,7
UnitedKingdom,-3.2,55.95	-1,223,7
UnitedKingdom,-3.21667,56.6167	-6,8,7
UnitedKingdom,-3.3,56.05	-1,10,7
UnitedKingdom,-3.46667,56.0833	0,16,7
UnitedKingdom,-3.5,53.3167	2,2,7
UnitedKingdom,-3.63333,50.4167	-1,40,7
UnitedKingdom,-3.66667,51.6667	0,30,7
UnitedKingdom,-3.91667,55.8667	-4,20,7
UnitedKingdom,-4.06667,55.6667	-6,4,7
UnitedKingdom,-4.18333,55.8167	0,6,7
UnitedKingdom,-4.23333,57.4667	-3,1,7
UnitedKingdom,-4.25,55.8333	-2,428,7
UnitedKingdom,-4.25,56.25	-2,6,7
UnitedKingdom,-4.28333,55.8833	-3,8,7
UnitedKingdom,-4.45,55.9167	-1,4,7
UnitedKingdom,-4.46667,57.4667	0,4,7
UnitedKingdom,-4.66667,55.25	-4,20,7
UnitedKingdom,-4.76944,51.8281	0,1,7
UnitedKingdom,-4.93333,50.5333	2,4,7
UnitedKingdom,-5.03333,50.5	0,4,7
UnitedKingdom,-5.06667,55.8333	0,17,7
UnitedKingdom,-5.07611,50.1483	-5,38,7
UnitedKingdom,-5.08333,50.4167	-4,10,7
UnitedKingdom,-5.28333,53.7833	-5,43,7
UnitedKingdom,-5.93333,54.5833	-2,429,7
UnitedKingdom,-6.0,54.6667	-4,10,7
UnitedKingdom,-6.3,54.7167	0,10,7
UnitedKingdom,-6.5,54.5	-1,216,7
UnitedKingdom,-6.58333,54.1167	0,6,7
UnitedKingdom,0.283333,51.1333	0,30,7
UnitedKingdom,0.283333,51.4333	0,2,7
UnitedKingdom,0.366667,50.8	0,2,7
UnitedKingdom,0.416667,51.2833	0,10,7
UnitedKingdom,0.466667,51.5667	-2,32,7
UnitedKingdom,0.483333,51.7333	0,27,7
UnitedKingdom,0.516667,51.3833	-3,33,7
UnitedKingdom,0.9,51.3167	-2,1,7
UnitedKingdom,1.06667,51.95	-4,22,7
UnitedKingdom,1.18333,51.0833	-6,78,7
UnitedKingdom,1.25,51.8333	-5,16,7
UnitedKingdom,1.3,51.1333	-5,114,7
UnitedKingdom,1.3,51.95	-7,7,7
UnitedKingdom,1.4,51.1833	-4,16,7
UnitedKingdom,1.41667,51.3667	-1,39,7
UnitedKingdom,1.75,52.6333	-1,2,7
UnitedStates,-100.056,33.1298	-1,10,7
UnitedStates,-101.855,33.5779	-3,39,7
UnitedStates,-104.667,41.35	0,4,7
UnitedStates,-104.82,41.14	-3,16,7
UnitedStates,-104.821,38.8339	-3,171,7
UnitedStates,-104.957,38.8597	2,6,7
UnitedStates,-104.985,39.7392	0,556,7
UnitedStates,-105.056,39.7744	-5,8,7
UnitedStates,-105.086,39.4693	0,9,7
UnitedStates,-105.251,34.2506	1,10,7
UnitedStates,-105.327,39.0646	-1,996,7
UnitedStates,-105.594,40.5672	1,4,7
UnitedStates,-106.648,35.1053	1,8,7
UnitedStates,-106.651,35.0845	0,96,7
UnitedStates,-107.325,39.5505	0,4,7
UnitedStates,-108.812,35.018	1,2,7
UnitedStates,-109.0,32.8059	-4,10,7
UnitedStates,-110.001,37.0003	-4,10,7
UnitedStates,-110.326,46.9048	0,134,7
UnitedStates,-111.431,40.7063	-2,4,7
UnitedStates,-111.644,35.2088	1,6,7
UnitedStates,-111.761,34.8697	4,1,7
UnitedStates,-111.848,40.7224	-3,5,7
UnitedStates,-111.854,40.1135	-1,795,7
UnitedStates,-111.888,40.7188	3,8,7
UnitedStates,-111.9,40.6111	-3,2,7
UnitedStates,-112.074,33.4484	-1,258,7
UnitedStates,-112.29,41.4583	0,16,7
UnitedStates,-113.613,48.278	-3,38,7
UnitedStates,-114.51,44.2394	-2,255,7
UnitedStates,-114.58,46.6352	-3,6,7
UnitedStates,-114.832,35.9786	-4,8,7
UnitedStates,-114.939,35.9872	5,16,7
UnitedStates,-115.137,36.175	-1,670,7
UnitedStates,-115.432,48.5404	-3,10,7
UnitedStates,-116.168,34.6667	-1,2,7
UnitedStates,-116.509,34.1883	-5,3,7
UnitedStates,-116.545,33.8303	6,2,7
UnitedStates,-116.801,33.0334	-2,3,7
UnitedStates,-117.043,32.552	-8,18,7
UnitedStates,-117.064,32.5948	-6,18,7
UnitedStates,-117.072,32.7753	1,4,7
UnitedStates,-117.084,32.6401	-4,29,7
UnitedStates,-117.134,32.817	0,2,7
UnitedStates,-117.163,32.7324	-2,12,7
UnitedStates,-117.182,32.6917	0,3,7
UnitedStates,-117.183,34.0556	0,241,7
UnitedStates,-117.189,32.7464	1,24,7
UnitedStates,-117.197,32.8037	-2,2,7
UnitedStates,-117.274,32.8473	0,4,7
UnitedStates,-117.359,34.5064	-5,7,7
UnitedStates,-117.535,41.4935	0,3,7
UnitedStates,-117.573,33.3811	-2,7,7
UnitedStates,-117.752,34.0553	2,10,7
UnitedStates,-117.823,33.6695	-4,17,7
UnitedStates,-117.865,34.0736	0,8,7
UnitedStates,-117.915,33.8353	0,5,7
UnitedStates,-117.959,33.6281	-4,4,7
UnitedStates,-118.136,33.7857	4,8,7
UnitedStates,-118.359,34.0633	5,1,7
UnitedStates,-118.379,34.1722	-2,1,7
UnitedStates,-118.388,34.0556	2,2,7
UnitedStates,-118.4,34.0736	1,9,7
UnitedStates,-118.668,35.2961	-2,9,7
UnitedStates,-118.971,35.3825	1,4,7
UnitedStates,-119.04,35.3794	0,2,7
UnitedStates,-119.51,37.2297	-3,12,7
UnitedStates,-119.767,39.1638	0,14,7
UnitedStates,-119.772,36.7477	0,36,7
UnitedStates,-119.986,47.8015	-1,2,7
UnitedStates,-120.034,34.7333	1,6,7
UnitedStates,-120.116,48.2482	3,2,7
UnitedStates,-120.229,34.508	2,4,7
UnitedStates,-120.307,34.6097	0,2,7
UnitedStates,-120.31,47.4235	-2,139,7
UnitedStates,-120.54,38.0683	1,1,7
UnitedStates,-120.681,38.1958	-2,5,7
UnitedStates,-121.494,38.5816	0,66,7
UnitedStates,-121.512,38.2421	-5,10,7
UnitedStates,-121.521,38.5191	2,2,7
UnitedStates,-121.521,45.7054	3,4,7
UnitedStates,-121.668,36.6735	2,3,7
UnitedStates,-121.718,48.0498	-4,10,7
UnitedStates,-121.785,48.4665	-5,3,7
UnitedStates,-121.884,37.5999	-6,8,7
UnitedStates,-122.033,36.9714	3,1,7
UnitedStates,-122.041,38.2399	-4,8,7
UnitedStates,-122.131,37.4622	0,10,7
UnitedStates,-122.166,37.4241	0,18,7
UnitedStates,-122.168,45.2496	-5,1,7
UnitedStates,-122.259,37.8696	-3,10,7
UnitedStates,-122.28,37.7083	-4,2,7
UnitedStates,-122.334,38.4832	1,7,7
UnitedStates,-122.428,37.612	-3,1,7
UnitedStates,-122.428,47.2695	-3,1,7
UnitedStates,-122.444,47.2529	1,2,7
UnitedStates,-122.45,38.2399	-6,4,7
UnitedStates,-122.486,47.4734	-1,3,7
UnitedStates,-122.58,38.5788	-4,186,7
UnitedStates,-122.626,38.9582	-3,2,7
UnitedStates,-122.637,38.2324	0,358,7
UnitedStates,-122.709,42.1946	-2,24,7
UnitedStates,-122.734,38.0666	0,2,7
UnitedStates,-122.741,38.8074	-1,13,7
UnitedStates,-122.764,45.384	-1,16,7
UnitedStates,-122.839,38.978	-3,62,7
UnitedStates,-122.903,47.0184	0,8,7
UnitedStates,-122.938,46.1382	-4,2,7
UnitedStates,-123.085,47.6165	1,2,7
UnitedStates,-123.446,43.2679	-5,12,7
UnitedStates,-123.479,39.0866	-6,2,7
UnitedStates,-123.51,46.7762	0,6,7
UnitedStates,-123.585,42.4165	-2,4,7
UnitedStates,-123.718,45.5165	-4,8,7
UnitedStates,-123.792,48.0937	0,9,7
UnitedStates,-123.969,46.452	1,10,7
UnitedStates,-124.356,47.5445	-3,321,7
UnitedStates,-152.268,61.385	-1,460,7
UnitedStates,-157.972,21.355	-5,12,7
UnitedStates,-157.973,21.3972	-5,11,7
UnitedStates,-157.997,21.3886	-3,1,7
UnitedStates,-159.392,21.9654	-1,2,7
UnitedStates,-67.4639,44.6684	3,3,7
UnitedStates,-68.5895,47.2587	3,6,7
UnitedStates,-70.3884,43.4584	3,10,7
UnitedStates,-70.5448,43.384	0,18,7
UnitedStates,-70.6828,43.4668	0,4,7
UnitedStates,-70.82,42.589	0,2,7
UnitedStates,-71.0495,42.3334	-6,6,7
UnitedStates,-71.0598,42.3584	-1,1025,7
UnitedStates,-71.0689,42.2834	-2,3,7
UnitedStates,-71.0786,42.5149	0,150,7
UnitedStates,-71.0876,42.3398	-2,8,7
UnitedStates,-71.3495,42.2834	1,1,7
UnitedStates,-71.4378,41.8437	-1,5,7
UnitedStates,-71.4651,43.0967	-2,8,7
UnitedStates,-71.4704,43.5279	2,4,7
UnitedStates,-71.5101,41.6772	-1,625,7
UnitedStates,-71.5653,43.4108	-1,577,7
UnitedStates,-71.8706,42.539	3,2,7
UnitedStates,-72.0334,43.4951	-4,6,7
UnitedStates,-72.1573,41.4662	-3,6,7
UnitedStates,-72.237,42.5937	0,3,7
UnitedStates,-72.3096,42.3912	2,10,7
UnitedStates,-72.5579,41.7634	1,2,7
UnitedStates,-72.8143,44.5437	-2,1,7
UnitedStates,-72.9282,41.3082	-3,86,7
UnitedStates,-72.947,41.2707	-8,8,7
UnitedStates,-73.1673,44.0153	1,5,7
UnitedStates,-73.2354,44.4963	3,2,7
UnitedStates,-73.4432,41.4165	6,8,7
UnitedStates,-73.4529,44.6995	-6,10,7
UnitedStates,-73.5101,40.6837	1,1,7
UnitedStates,-73.5829,40.7507	1,1,7
UnitedStates,-73.5948,42.3643	-4,8,7
UnitedStates,-73.6285,40.8107	-1,2,7
UnitedStates,-73.7089,40.8561	-3,2,7
UnitedStates,-73.7129,40.7009	5,4,7
UnitedStates,-73.7285,40.8007	-1,12,7
UnitedStates,-73.7976,40.7498	0,7,7
UnitedStates,-73.8082,41.2957	-3,12,7
UnitedStates,-73.8994,40.8625	-2,3,7
UnitedStates,-73.9199,40.8498	-2,4,7
UnitedStates,-73.921,41.7004	-7,120,7
UnitedStates,-73.9349,40.5776	1,10,7
UnitedStates,-73.9438,40.6568	-2,6,7
UnitedStates,-73.9613,40.809	1,1,7
UnitedStates,-73.9625,40.81	-4,16,7
UnitedStates,-73.9662,40.7834	0,129,7
UnitedStates,-73.9818,40.7682	-4,3,7
UnitedStates,-73.9876,40.8215	-6,2,7
UnitedStates,-73.994,40.6018	0,5,7
UnitedStates,-73.996,40.7287	2,12,7
UnitedStates,-74.0663,40.7168	2,24,7
UnitedStates,-74.0767,40.6267	-4,6,7
UnitedStates,-74.0776,40.7282	-3,43,7
UnitedStates,-74.2163,39.9001	-13,5,7
UnitedStates,-74.2354,40.6796	-4,3,7
UnitedStates,-74.446,42.3973	-2,20,7
UnitedStates,-74.5089,40.314	-1,1324,7
UnitedStates,-74.7982,40.2565	-6,4,7
UnitedStates,-74.8052,39.9659	-3,10,7
UnitedStates,-74.8333,40.8484	4,6,7
UnitedStates,-74.8429,40.1768	-10,8,7
UnitedStates,-74.8535,42.8362	-4,6,7
UnitedStates,-74.9354,40.2137	3,20,7
UnitedStates,-74.9663,42.2001	0,2,7
UnitedStates,-75.0252,40.1054	-2,2,7
UnitedStates,-75.0638,42.4529	4,16,7
UnitedStates,-75.1545,40.0381	0,2,7
UnitedStates,-75.1704,42.3442	0,175,7
UnitedStates,-75.2421,40.0018	1,4,7
UnitedStates,-75.251,42.8792	0,8,7
UnitedStates,-75.3399,40.1215	-6,10,7
UnitedStates,-75.3768,40.5382	-4,50,7
UnitedStates,-75.7044,43.0584	2,10,7
UnitedStates,-75.7945,40.2973	-2,10,7
UnitedStates,-75.974,42.0985	0,10,7
UnitedStates,-76.0642,39.2182	-3,8,7
UnitedStates,-76.0773,39.67	0,2,7
UnitedStates,-76.1074,43.9534	0,6,7
UnitedStates,-76.1939,36.8024	0,3,7
UnitedStates,-76.2133,40.3495	1,4,7
UnitedStates,-76.2219,43.1403	-3,6,7
UnitedStates,-76.2499,41.3754	0,8,7
UnitedStates,-76.25,40.2504	-2,7,7
UnitedStates,-76.3594,36.8924	0,4,7
UnitedStates,-76.483,42.447	-2,17,7
UnitedStates,-76.4842,42.4478	1,4,7
UnitedStates,-76.5352,39.419	0,4,7
UnitedStates,-76.55,38.9571	3,2,7
UnitedStates,-76.6167,39.3059	-2,10,7
UnitedStates,-76.6316,41.1165	3,3,7
UnitedStates,-76.9928,38.9073	0,4,7
UnitedStates,-76.995,38.8738	-4,105,7
UnitedStates,-77.0,40.1254	0,5,7
UnitedStates,-77.0178,38.8773	0,4,7
UnitedStates,-77.0364,38.8951	-2,22066,7
UnitedStates,-77.0753,38.9248	-1,10,7
UnitedStates,-77.2716,42.7048	1,3,7
UnitedStates,-77.375,40.2504	1,4,7
UnitedStates,-77.4603,37.5538	-3,47,7
UnitedStates,-77.483,38.7001	2,4,7
UnitedStates,-77.5203,40.0506	1,10,7
UnitedStates,-77.5382,37.5756	-1,2,7
UnitedStates,-77.8664,34.2504	-5,13,7
UnitedStates,-78.0133,43.1237	3,2,7
UnitedStates,-78.2057,37.768	-3,2693,7
UnitedStates,-78.2806,39.0276	-3,6,7
UnitedStates,-78.5664,34.6335	-4,15,7
UnitedStates,-78.6053,34.6293	-4,3,7
UnitedStates,-78.625,38.4851	2,10,7
UnitedStates,-78.6664,42.7667	-1,25,7
UnitedStates,-78.8648,42.097	-3,53,7
UnitedStates,-78.8784,35.0527	2,4,7
UnitedStates,-79.0223,34.0096	4,8,7
UnitedStates,-79.0998,34.6335	-1,2,7
UnitedStates,-79.4468,33.748	-2,2,7
UnitedStates,-79.6917,39.9967	-1,34,7
UnitedStates,-79.7331,33.6335	-2,2,7
UnitedStates,-79.7998,36.0668	-4,4,7
UnitedStates,-79.8431,35.6411	-1,1210,7
UnitedStates,-79.8798,39.8434	0,18,7
UnitedStates,-79.8873,36.0918	-4,107,7
UnitedStates,-79.9309,32.7766	-2,88,7
UnitedStates,-79.9426,37.2513	-1,20,7
UnitedStates,-79.9428,40.4412	0,1,7
UnitedStates,-79.9498,33.1835	-6,6,7
UnitedStates,-79.9748,32.8546	0,16,7
UnitedStates,-79.9939,40.4276	-1,2,7
UnitedStates,-80.0331,38.3168	-1,5,7
UnitedStates,-80.1251,40.6253	0,5,7
UnitedStates,-80.2331,25.7681	2,98,7
UnitedStates,-80.3162,25.7623	-7,4,7
UnitedStates,-80.4473,25.0865	-6,8,7
UnitedStates,-80.4831,26.1504	-1,5,7
UnitedStates,-80.6495,41.0998	-1,12,7
UnitedStates,-80.6611,41.2467	-6,4,7
UnitedStates,-80.6998,39.2668	-1,1,7
UnitedStates,-80.7209,40.064	1,32,7
UnitedStates,-80.7501,40.7503	-6,4,7
UnitedStates,-80.8334,34.0476	0,2,7
UnitedStates,-80.9581,34.0502	-1,2,7
UnitedStates,-80.9696,38.468	0,79,7
UnitedStates,-81.0123,34.9496	-1,16,7
UnitedStates,-81.2545,35.4737	1,10,7
UnitedStates,-81.3309,38.1807	1,16,7
UnitedStates,-81.4165,29.0977	1,2,7
UnitedStates,-81.4207,32.8296	-2,4,7
UnitedStates,-81.5615,39.2667	-1,4,7
UnitedStates,-81.5665,38.3334	1,2,7
UnitedStates,-81.5971,41.5045	-1,42,7
UnitedStates,-81.6112,41.5109	3,2,7
UnitedStates,-81.6163,38.3333	-4,8,7
UnitedStates,-81.6665,41.4334	0,8,7
UnitedStates,-81.8723,26.6406	4,1,7
UnitedStates,-81.8831,26.6184	-1,2,7
UnitedStates,-81.932,34.9496	-2,109,7
UnitedStates,-81.9522,28.062	-1,6,7
UnitedStates,-82.0223,26.449	3,12,7
UnitedStates,-82.1401,36.7123	-4,2,7
UnitedStates,-82.2499,38.4334	4,2,7
UnitedStates,-82.2504,33.5501	1,4,7
UnitedStates,-82.3493,29.6486	2,24,7
UnitedStates,-82.3665,34.8834	-3,3,7
UnitedStates,-82.4136,28.0627	0,4,7
UnitedStates,-82.461,35.3187	3,8,7
UnitedStates,-82.5118,27.2092	3,6,7
UnitedStates,-82.5946,32.1785	-4,8,7
UnitedStates,-82.6982,28.3636	0,3,7
UnitedStates,-82.6995,27.8428	-1,2,7
UnitedStates,-82.7755,40.3736	-1,649,7
UnitedStates,-83.0085,39.9978	-2,2,7
UnitedStates,-83.064,34.7648	0,16,7
UnitedStates,-83.1407,40.2803	-2,12,7
UnitedStates,-83.1827,42.4595	0,22,7
UnitedStates,-83.199,30.9716	-3,5,7
UnitedStates,-83.291,42.6389	0,2,7
UnitedStates,-83.3763,42.4645	2,3,7
UnitedStates,-83.3772,42.4853	-2,12,7
UnitedStates,-83.3877,33.9196	0,3,7
UnitedStates,-83.4042,42.3819	2,1,7
UnitedStates,-83.4333,39.8667	-3,2,7
UnitedStates,-83.7666,40.1334	-3,2,7
UnitedStates,-83.8088,39.9242	-1,14,7
UnitedStates,-83.8957,30.4169	-3,1,7
UnitedStates,-84.0332,35.1501	-5,6,7
UnitedStates,-84.1333,37.1334	-5,6,7
UnitedStates,-84.3235,33.7914	-4,2,7
UnitedStates,-84.4839,42.737	0,3,7
UnitedStates,-84.5603,43.3504	-1,1803,7
UnitedStates,-85.1289,41.1306	-1,40,7
UnitedStates,-85.2645,45.07	-2,6,7
UnitedStates,-85.5003,44.2503	-3,2,7
UnitedStates,-85.6206,44.7631	-3,18,7
UnitedStates,-85.7758,42.9011	0,3,7
UnitedStates,-85.8097,33.4746	0,10,7
UnitedStates,-85.8397,35.2401	1,4,7
UnitedStates,-85.9767,41.682	-3,13,7
UnitedStates,-86.1336,40.4864	0,2,7
UnitedStates,-86.1878,41.6834	-3,3,7
UnitedStates,-86.2094,35.362	-1,2,7
UnitedStates,-86.2604,39.8647	-3,2639,7
UnitedStates,-86.2861,33.5862	0,2,7
UnitedStates,-86.3903,35.8456	0,4,7
UnitedStates,-86.5448,30.5711	-4,4,7
UnitedStates,-86.5667,34.7334	-2,10,7
UnitedStates,-86.6105,31.2577	-4,126,7
UnitedStates,-86.8872,36.8453	-1,5,7
UnitedStates,-87.1189,39.2642	-4,2,7
UnitedStates,-87.1203,37.7445	-1,2,7
UnitedStates,-87.322,35.2398	0,2,7
UnitedStates,-87.4353,46.2808	4,4,7
UnitedStates,-87.4886,36.8656	-2,1,7
UnitedStates,-87.5692,33.2098	-2,24,7
UnitedStates,-87.63,40.1245	0,10,7
UnitedStates,-87.6303,41.8889	-7,2,7
UnitedStates,-87.6581,42.0006	3,4,7
UnitedStates,-87.6964,41.775	-3,4,7
UnitedStates,-87.7087,41.6981	-2,4,7
UnitedStates,-87.7937,41.8506	1,6,7
UnitedStates,-87.8501,41.8334	-4,11,7
UnitedStates,-87.882,41.8506	0,6,7
UnitedStates,-87.9537,42.9711	0,2,7
UnitedStates,-87.989,41.8898	-5,4,7
UnitedStates,-88.0556,42.2075	-2,10,7
UnitedStates,-88.066,45.8202	0,3,7
UnitedStates,-88.0834,41.8334	2,10,7
UnitedStates,-88.1473,41.7859	2,5,7
UnitedStates,-88.157,41.7848	2,3,7
UnitedStates,-88.2762,42.6781	2,5,7
UnitedStates,-88.3615,42.2684	1,2,7
UnitedStates,-88.8834,41.2667	0,4,7
UnitedStates,-89.0006,37.0501	0,3,7
UnitedStates,-89.1576,31.6727	5,6,7
UnitedStates,-89.2045,37.6153	2,10,7
UnitedStates,-89.2179,40.4348	-2,7,7
UnitedStates,-89.4829,40.0206	-1,18,7
UnitedStates,-89.5579,37.9262	1,6,7
UnitedStates,-90.0751,29.9546	-1,66,7
UnitedStates,-90.119,41.2017	2,21,7
UnitedStates,-90.1543,41.4481	3,2,7
UnitedStates,-90.4243,40.0175	0,2,7
UnitedStates,-90.461,41.4286	2,10,7
UnitedStates,-90.4678,30.5095	-1,1,7
UnitedStates,-90.5554,37.9231	-4,4,7
UnitedStates,-90.7668,30.4502	0,8,7
UnitedStates,-90.8802,46.7372	-6,2,7
UnitedStates,-90.9929,30.101	0,2,7
UnitedStates,-91.0834,29.8758	-3,4,7
UnitedStates,-91.1545,30.4507	-3,175,7
UnitedStates,-91.2638,41.57	3,8,7
UnitedStates,-91.4985,44.8113	0,8,7
UnitedStates,-91.6441,42.0083	-4,6,7
UnitedStates,-91.7382,45.5061	-3,4,7
UnitedStates,-91.7479,31.0193	-3,12,7
UnitedStates,-92.1458,37.7117	-6,32,7
UnitedStates,-92.1654,31.3371	-1,4,7
UnitedStates,-92.1735,38.5767	0,70,7
UnitedStates,-92.2002,37.8334	-2,8,7
UnitedStates,-92.2376,34.402	4,16,7
UnitedStates,-92.4113,41.02	8,1,7
UnitedStates,-92.908,42.0494	-2,26,7
UnitedStates,-93.0349,44.8927	2,6,7
UnitedStates,-93.0502,35.4501	-4,1,7
UnitedStates,-93.1258,44.7394	-3,6,7
UnitedStates,-93.2061,44.9172	-1,2,7
UnitedStates,-93.2086,45.105	-2,8,7
UnitedStates,-93.2983,44.8408	0,28,7
UnitedStates,-93.3563,45.0941	2,12,7
UnitedStates,-93.5574,41.358	-2,8,7
UnitedStates,-93.6091,41.6005	-2,1488,7
UnitedStates,-93.7113,41.5772	-2,7,7
UnitedStates,-93.7321,32.516	-1,8,7
UnitedStates,-94.0377,33.4418	-3,6,7
UnitedStates,-94.1288,36.1867	-10,6,7
UnitedStates,-94.1994,46.4472	-6,31,7
UnitedStates,-94.3502,36.6334	-6,10,7
UnitedStates,-94.3536,46.4116	-4,6,7
UnitedStates,-94.4605,43.653	0,5,7
UnitedStates,-94.5864,39.0437	-3,16,7
UnitedStates,-94.6275,39.1142	-4,12,7
UnitedStates,-94.6708,38.9822	-5,6,7
UnitedStates,-94.7495,42.2655	-5,10,7
UnitedStates,-94.8002,30.1335	-1,15,7
UnitedStates,-94.9153,39.3568	-7,2,7
UnitedStates,-94.9225,39.3111	1,8,7
UnitedStates,-94.9305,39.3514	0,12,7
UnitedStates,-95.2066,29.7408	-1,2,7
UnitedStates,-95.3433,29.7208	5,4,7
UnitedStates,-95.363,29.675	-1,4,7
UnitedStates,-95.5847,33.8632	-4,16,7
UnitedStates,-95.6373,32.5242	-2,4,7
UnitedStates,-95.678,39.0483	-2,10,7
UnitedStates,-95.8731,40.6694	-1,3,7
UnitedStates,-95.9928,36.154	-1,58,7
UnitedStates,-96.0669,33.1501	0,8,7
UnitedStates,-96.1108,33.1385	1,9,7
UnitedStates,-96.1336,41.1	2,1,7
UnitedStates,-96.4597,32.9312	-6,32,7
UnitedStates,-96.6228,32.7287	0,5,7
UnitedStates,-96.7836,32.7668	-8,388,7
UnitedStates,-96.8925,28.6478	-2,3,7
UnitedStates,-96.9292,42.7794	1,6,7
UnitedStates,-97.0584,36.1156	-5,10,7
UnitedStates,-97.1081,32.7357	-3,70,7
UnitedStates,-97.1503,38.4	0,20,7
UnitedStates,-97.1539,31.5216	-6,5,7
UnitedStates,-97.3003,32.7668	-2,14,7
UnitedStates,-97.3208,32.7254	-2,300,7
UnitedStates,-97.4975,25.9017	-1,6,7
UnitedStates,-97.5169,26.117	1,10,7
UnitedStates,-97.5861,33.2343	0,5,7
UnitedStates,-97.5984,35.2634	-6,5346,7
UnitedStates,-97.602,34.8565	-2,2,7
UnitedStates,-97.6311,26.1326	3,15,7
UnitedStates,-97.6397,26.5012	-4,4,7
UnitedStates,-97.6475,31.106	-2,13738,7
UnitedStates,-97.6961,26.1906	0,5,7
UnitedStates,-97.7091,31.2548	-4,6,7
UnitedStates,-97.7399,30.2696	1,20,7
UnitedStates,-97.745,29.4069	0,10,7
UnitedStates,-97.8003,30.3335	-8,685,7
UnitedStates,-97.8561,27.5159	1,8,7
UnitedStates,-97.9133,29.8599	-6,11,7
UnitedStates,-97.9908,26.1595	-3,4,7
UnitedStates,-98.0837,37.95	-1,4,7
UnitedStates,-98.1817,31.0638	-3,2,7
UnitedStates,-98.2003,26.3337	-1,32,7
UnitedStates,-98.217,33.7668	-6,256,7
UnitedStates,-98.6687,33.9515	-3,124,7
UnitedStates,-99.2337,30.7335	0,2,7
UnitedStates,-99.235,28.4369	-4,2,7
UnitedStates,-99.2506,31.2504	-1,38,7
UnitedStates,-99.4632,44.2853	-2,112,7
UnitedStates,-99.9542,29.9502	0,8,7
UnitedStates,0.0,0.0	-2,1145,7
Uruguay,-56.1708,-34.8581	-2,127,7
Uruguay,-56.7136,-34.8831	4,10,7
Uzbekistan,64.0,41.0	-5,124,7
Uzbekistan,69.25,41.3167	-4,18,7
Vanuatu,168.5,-17.3333	-5,16,7
Vanuatu,169.083,-18.8	-3,2,7
Venezuela,-64.2347,9.07457	0,20,7
Venezuela,-66.0,8.0	-3,123,7
Venezuela,-68.0039,10.1806	0,19,7
Venezuela,-71.3021,10.3778	5,4,7
Vietnam,106.0,16.0	-2,1239,7
Vietnam,106.483,21.0333	2,4,7
Vietnam,106.667,10.75	-1,391,7
Vietnam,106.967,16.9833	2,2,7
Vietnam,107.067,10.35	1,6,7
Vietnam,108.257,15.8858	0,10,7
Vietnam,108.783,12.2333	5,34,7
WestBank,35.119,31.5284	-4,1,7
WestBank,35.1667,32.25	1,2,7
WestBank,35.2,31.8	-4,6,7
Yemen,42.9449,14.7895	-2,1,7
Yemen,43.2493,13.8071	-2,5,7
Yemen,43.4102,12.9431	0,10,7
Yemen,43.4233,12.6545	-8,4,7
Yemen,43.6058,15.6942	-6,17,7
Yemen,43.7441,15.9531	-1,2,7
Yemen,44.0094,13.6948	-5,2,7
Yemen,44.197,15.3497	0,10,7
Yemen,44.2067,15.3547	-3,1324,7
Yemen,45.3797,13.1658	-4,190,7
Yemen,49.1242,14.5425	-3,46,7
Zambia,23.1274,-15.2484	1,6,7
Zambia,25.5542,-12.5925	-3,14,7
Zambia,28.8833,-9.76667	-4,6,7
Zambia,30.0,-15.0	-2,23,7
Zimbabwe,27.8167,-20.4833	-7,12,7
Zimbabwe,29.9841,-16.5272	-4,21,7
Zimbabwe,31.5603,-16.9841	-1,32,7
Zimbabwe,31.8449,-18.0458	-6,30,7
null,20.4681,44.8186	-4,844,7
