Antarctica,32.3438,-85.6221	4,180,-7
Armenia,45.3298,40.3886	4,5,-2
Australia,133.871,-18.6269	4,20,-2
Australia,144.219,-35.807	3,2,-4
Belgium,4.0,50.8333	5,18,-7
Cambodia,105.0,13.0	3,1,-10
Canada,-123.133,49.25	6,26,-4
Canada,-128.7,54.0	0,2,-2
Canada,-73.5833,45.5	4,16,-9
Canada,-95.0,60.0	4,25,-2
Canada,-97.1667,49.8833	5,7,-10
China,105.0,35.0	3,277,-4
China,108.69,27.9203	4,8,-2
China,121.111,31.2809	3,25,-5
China,121.458,31.2222	5,2,-10
China,125.282,41.6576	5,2,-10
China,86.004,28.304	3,110,-3
China,90.0,32.0	4,82,-3
CzechRepublic,14.4667,50.0833	6,18,-4
Finland,26.0,64.0	6,9,-2
France,5.73333,45.6333	4,3,-2
Germany,13.0,51.0	4,5,-2
Germany,13.4,52.5167	4,18,-4
Guam,145.096,13.2613	2,9,-10
Guyana,-59.0,5.0	4,9,-2
Haiti,-72.4167,19.0	4,37,-8
Iceland,-18.0,65.0	4,48,-2
India,72.8258,18.975	2,1,-9
India,73.35,16.6167	2,3,-9
India,75.8167,26.9167	2,45,-5
India,76.1333,32.5667	0,13,-9
India,77.4,23.2667	3,7,-6
India,84.6,18.9333	6,9,-5
Indonesia,107.5,-6.75	3,5,-4
Indonesia,108.513,-6.7073	4,2,-4
Indonesia,112.51,-7.7394	4,27,-2
Indonesia,117.133,-8.4129	5,9,-2
Indonesia,97.2947,5.0438	2,3,-4
Israel,34.75,31.5	5,13,-2
Israel,35.5,31.5	5,86,-2
Italy,12.4833,41.9	3,257,-5
Japan,139.75,35.6667	8,9,-5
Kazakhstan,68.0,48.0	3,1,-10
Kenya,38.0,1.0	7,4,-2
Kosovo,21.0,42.5833	3,9,-5
Madagascar,47.0,-20.0	8,5,-4
Madagascar,47.5167,-18.9167	8,37,-4
Malaysia,101.7,3.16667	2,10,-5
Malaysia,112.5,2.5	4,51,-5
Nepal,85.3167,27.7167	5,18,-2
Netherlands,5.75,52.5	5,83,-3
NewZealand,174.0,-41.0	3,58,-10
Niger,7.34361,18.7108	2,4,-2
NorthernMarianaIslands,144.888,19.4355	4,22,-7
Pakistan,67.05,24.8667	3,1,-10
Philippines,125.005,11.2433	4,4,-10
Portugal,-8.0,39.5	6,34,-3
PuertoRico,-66.4838,18.2359	5,15,-8
Russia,100.0,60.0	2,40,-7
Serbia,20.75,43.75	3,9,-5
Seychelles,55.45,-4.61667	5,9,-5
SouthAfrica,29.3725,-22.2071	6,9,-2
SriLanka,80.1267,6.1311	2,4,-4
SriLanka,81.0,7.0	3,1,-10
Sweden,14.0667,61.0167	2,9,-6
Taiwan,120.271,22.8719	5,4,-2
Taiwan,120.355,23.2094	5,5,-2
Taiwan,120.383,23.9833	5,9,-8
Tajikistan,71.0,39.0	3,1,-10
Thailand,101.898,18.0206	3,8,-2
Thailand,99.5501,14.0032	4,4,-5
UnitedArabEmirates,55.28,25.2522	6,14,-7
UnitedKingdom,-1.58333,53.8	10,4,-2
UnitedStates,-105.327,39.0646	5,126,-7
UnitedStates,-110.234,44.7666	2,6,-10
UnitedStates,-110.326,46.9048	6,13,-3
UnitedStates,-110.489,42.4752	2,18,-2
UnitedStates,-111.854,40.1135	8,4,-2
UnitedStates,-112.074,33.4484	7,18,-4
UnitedStates,-113.994,46.8721	4,7,-2
UnitedStates,-114.51,44.2394	5,5,-2
UnitedStates,-118.411,33.8847	2,5,-5
UnitedStates,-118.467,33.935	5,9,-6
UnitedStates,-119.682,34.0186	7,7,-3
UnitedStates,-119.772,36.7477	4,6,-10
UnitedStates,-120.911,39.9913	5,17,-2
UnitedStates,-121.895,37.3394	3,5,-2
UnitedStates,-122.235,48.6004	4,9,-2
UnitedStates,-122.65,47.6632	2,26,-2
UnitedStates,-152.268,61.385	3,67,-3
UnitedStates,-71.0598,42.3584	5,38,-7
UnitedStates,-71.5653,43.4108	5,21,-5
UnitedStates,-73.7629,41.034	1,4,-10
UnitedStates,-73.9465,41.2745	6,10,-2
UnitedStates,-74.0929,40.6423	5,9,-4
UnitedStates,-74.5089,40.314	2,18,-2
UnitedStates,-74.5677,41.064	3,2,-10
UnitedStates,-75.8813,41.2459	5,2,-2
UnitedStates,-76.6497,39.4668	6,4,-10
UnitedStates,-76.8766,38.4135	6,16,-2
UnitedStates,-77.0178,38.8773	6,4,-2
UnitedStates,-77.0364,38.8951	5,388,-5
UnitedStates,-78.2057,37.768	5,24,-3
UnitedStates,-78.8867,33.6891	4,1,-10
UnitedStates,-79.8431,35.6411	3,9,-4
UnitedStates,-79.9748,32.8546	8,8,-10
UnitedStates,-82.7755,40.3736	2,1,-10
UnitedStates,-84.5333,35.8501	3,2,-2
UnitedStates,-84.5603,43.3504	5,23,-3
UnitedStates,-86.2604,39.8647	4,1,-5
UnitedStates,-89.5182,37.3059	3,9,-2
UnitedStates,-90.0751,29.9546	3,9,-2
UnitedStates,-91.2015,36.6484	4,9,-10
UnitedStates,-97.6475,31.106	3,64,-5
UnitedStates,-98.0473,42.7661	5,45,-10
Uzbekistan,64.0,41.0	3,1,-10
Vietnam,106.0,16.0	6,4,-5
Vietnam,106.567,20.2833	5,4,-4
Vietnam,106.667,10.75	6,4,-5
Zambia,30.0,-15.0	3,1,-10
Zimbabwe,26.8446,-17.9946	5,5,-10
Zimbabwe,30.864,-16.4315	7,6,-6
Zimbabwe,31.6667,-21.05	2,18,-10
null,-25.0,10.0	4,1,-2
