,0.0,0.0	4,330,-5
Angola,13.2344,-8.83833	4,8,-2
Argentina,-58.6725,-34.5875	3,1,-10
Australia,115.767,-32.5833	4,9,-4
Australia,122.239,-17.9554	6,18,-10
Australia,133.0,-27.0	4,17,-7
Australia,134.0,-20.0	5,25,-6
Australia,135.743,-11.9592	7,6,-10
Australia,146.6,-41.25	5,9,-10
Australia,148.605,-32.243	5,16,-2
Australia,149.44,-35.2565	5,25,-10
Australia,151.183,-33.8406	2,5,-4
Australia,153.017,-27.5	4,7,-8
Austria,16.3667,48.2	10,6,-9
Bahamas,-76.0,24.25	6,9,-7
Brazil,-40.3167,-13.6667	3,16,-5
BritishIndianOceanTerritory,72.0,-6.0	8,4,-5
Bulgaria,23.5667,41.55	5,2,-6
Bulgaria,24.8333,41.65	3,40,-3
Cambodia,105.967,12.7801	3,36,-4
Canada,-126.583,49.5833	4,9,-10
Canada,-75.7,45.4167	4,52,-4
Canada,-79.4167,43.6667	6,2,-5
China,104.067,30.6667	4,12,-5
China,114.825,27.7856	6,2,-10
China,116.391,39.9044	2,4,-2
China,120.144,30.2507	3,13,-2
China,120.198,31.2165	4,15,-2
China,121.983,40.1	4,16,-4
China,129.336,42.7683	5,20,-7
Denmark,12.5833,55.6667	6,54,-8
Ethiopia,35.7167,8.33333	5,6,-2
Ethiopia,38.7,9.03333	4,6,-2
France,2.0,46.0	4,10,-5
Georgia,43.5,42.0	7,10,-2
Germany,10.65,52.15	4,3,-2
Germany,9.18333,48.7667	5,2,-6
Guyana,-58.15,6.8	4,9,-2
Hungary,17.4764,47.0846	2,153,-4
India,76.9569,8.50694	5,9,-6
India,77.5833,12.9833	3,9,-9
India,77.7,27.5833	3,14,-5
India,80.85,16.2	3,2,-6
India,81.8833,25.5	3,4,-5
India,86.3333,20.6333	2,8,-9
Indonesia,102.0,0.0	3,108,-2
Indonesia,106.531,-6.01361	4,8,-2
Indonesia,108.557,-6.7063	8,1,-5
Indonesia,120.0,-5.0	3,16,-4
Iraq,44.0,33.0	7,9,-10
Israel,34.7863,31.2516	7,9,-4
Israel,34.9885,32.8184	2,6,-10
Japan,135.75,35.0	5,4,-2
Japan,138.0,36.0	3,898,-8
Japan,139.751,35.685	3,866,-5
Kenya,37.2833,-2.66667	3,5,-2
Kyrgyzstan,75.0,41.0	3,1,-10
Malaysia,101.65,3.08333	6,2,-10
Malaysia,101.667,3.08333	6,9,-10
Malaysia,102.0,4.0	2,19,-10
Malaysia,110.3,1.71667	5,4,-4
Malaysia,114.0,1.0	3,107,-3
Malta,14.4436,35.9136	5,1,-10
Malta,14.5833,35.8333	2,9,-10
Myanmar,98.0,22.0	3,1,-10
NewZealand,171.25,-42.75	5,20,-10
NewZealand,171.933,-41.5167	5,8,-10
Oceans,20.0,35.0	4,1,-2
Oman,54.0924,17.015	3,8,-10
Philippines,121.846,13.9427	8,1,-5
Russia,30.2642,59.8944	1,18,-8
Russia,33.0184,68.8806	5,1,-2
Russia,33.0925,68.9792	4,11,-2
Russia,37.4297,55.897	2,23,-8
Russia,37.6156,55.7522	3,433,-5
SouthKorea,127.715,37.9414	5,1,-10
SouthKorea,127.817,38.1833	5,9,-2
Spain,-5.54965,43.3676	5,1,-4
SriLanka,80.051,8.4106	5,9,-2
Sweden,16.5,60.8333	2,9,-5
Switzerland,8.0,47.0	3,1,-5
Taiwan,121.532,25.0478	3,1,-10
Tajikistan,69.8708,38.7826	4,6,-2
Thailand,100.517,13.75	5,50,-4
Turkey,28.9647,41.0186	4,9,-2
Turkey,38.6343,39.4532	3,9,-6
Turkmenistan,60.0,40.0	3,1,-10
Uganda,33.2042,0.424444	2,4,-4
UnitedKingdom,-0.116667,51.5	3,37,-4
UnitedKingdom,-2.0,54.0	6,62,-5
UnitedKingdom,-3.06667,54.9833	7,9,-4
UnitedKingdom,-4.1,50.8833	8,9,-2
UnitedKingdom,-5.83333,54.6167	5,9,-5
UnitedKingdom,0.116667,52.2	7,12,-4
UnitedKingdom,1.0,52.6667	6,4,-4
UnitedStates,-101.72,41.128	5,2,-4
UnitedStates,-104.403,32.8423	5,25,-2
UnitedStates,-109.861,42.8666	7,9,-4
UnitedStates,-111.039,45.6797	2,9,-10
UnitedStates,-111.388,33.7712	2,9,-4
UnitedStates,-118.244,34.0522	4,50,-4
UnitedStates,-121.851,38.0666	7,9,-2
UnitedStates,-121.868,37.9833	5,9,-5
UnitedStates,-122.275,47.564	3,9,-5
UnitedStates,-122.311,47.6561	7,9,-10
UnitedStates,-122.332,47.6062	5,684,-10
UnitedStates,-122.437,47.6618	9,9,-2
UnitedStates,-123.172,42.436	5,5,-4
UnitedStates,-70.0328,41.7001	7,14,-10
UnitedStates,-70.4161,42.0334	4,7,-9
UnitedStates,-70.5661,41.9187	8,4,-4
UnitedStates,-71.6162,42.2695	5,2,-4
UnitedStates,-72.7622,41.5834	4,21,-5
UnitedStates,-74.5496,40.5668	8,7,-9
UnitedStates,-75.5148,39.3498	7,5,-2
UnitedStates,-76.0763,38.7743	8,4,-4
UnitedStates,-77.538,41.747	5,5,-5
UnitedStates,-78.9489,43.0834	5,2,-2
UnitedStates,-79.0717,38.1496	5,2,-5
UnitedStates,-80.1937,25.7743	6,2,-4
UnitedStates,-80.9066,33.8191	5,429,-6
UnitedStates,-81.3504,38.0046	4,3,-2
UnitedStates,-81.6326,38.3498	5,4,-4
UnitedStates,-82.0415,29.2497	6,1,-10
UnitedStates,-83.9207,35.9606	3,1,-2
UnitedStates,-84.4569,39.162	2,4,-4
UnitedStates,-86.8072,39.1289	4,1,-2
UnitedStates,-86.8073,32.799	4,37,-5
UnitedStates,-88.0198,44.5192	2,9,-4
UnitedStates,-89.6812,32.7673	5,13,-3
UnitedStates,-91.8749,31.1801	5,27,-3
UnitedStates,-96.8005,38.5111	8,9,-2
UnitedStates,-96.8067,32.7831	2,1,-10
UnitedStates,-97.0,38.0	6,270,-6
UnitedStates,-98.4936,29.4241	9,9,-10
UnitedStates,-99.793,47.5362	6,6,-2
Venezuela,-63.1699,10.4977	5,5,-4
Vietnam,105.917,10.25	3,9,-4
Zimbabwe,28.8,-16.5167	4,18,-10
Zimbabwe,28.9518,-16.5498	2,10,-10
null,70.0,-10.0	8,4,-5
