Afghanistan,61.8078,30.9028	2,10,7
Afghanistan,65.0,33.0	1,1233,7
Afghanistan,67.8273,34.8216	2,9,7
Afghanistan,68.75,32.4167	1,52,7
Afghanistan,68.857,36.729	0,20,7
Afghanistan,68.9302,36.6736	2,8,7
Afghanistan,69.265,34.9669	2,10,7
Afghanistan,69.9204,33.3395	1,271,7
Afghanistan,70.2094,34.6714	2,20,7
Algeria,3.0,28.0	0,157,7
Algeria,4.04591,36.7118	2,10,7
Algeria,8.46667,26.4833	2,10,7
AntiguaandBarbuda,-61.8833,17.0333	0,2,7
Argentina,-57.7185,-25.2848	1,16,7
Armenia,45.0,40.0	1,194,7
Australia,115.661,-30.6765	6,10,7
Australia,115.722,-32.5269	3,10,7
Australia,115.817,-33.2569	2,10,7
Australia,115.833,-31.9333	2,101,7
Australia,136.894,-30.5552	2,8,7
Australia,138.483,-28.0	2,8,7
Australia,138.572,-35.0284	2,10,7
Australia,138.6,-34.9333	2,53,7
Australia,142.233,-35.8	1,12,7
Australia,142.7,-37.0667	1,8,7
Australia,144.467,-10.2667	2,4,7
Australia,144.967,-37.8167	2,385,7
Australia,145.2,-37.9833	1,25,7
Australia,146.033,-17.6333	2,10,7
Australia,146.405,-34.551	3,3,7
Australia,146.94,-41.49	0,11,7
Australia,148.457,-37.6964	0,2,7
Australia,148.967,-21.6333	5,20,7
Australia,149.217,-35.2833	1,1774,7
Australia,149.754,-37.559	4,12,7
Australia,150.467,-22.35	3,1,7
Australia,150.506,-23.3803	2,16,7
Australia,150.75,-33.7667	1,6,7
Australia,150.852,-34.6683	1,20,7
Australia,150.893,-34.4318	7,8,7
Australia,150.967,-33.8167	1,11,7
Australia,150.967,-33.8833	2,44,7
Australia,151.15,-33.8833	2,10,7
Australia,151.201,-33.8652	1,254,7
Australia,151.217,-33.8833	1,2424,7
Australia,151.954,-27.5606	3,10,7
Australia,152.831,-31.079	2,10,7
Australia,153.017,-27.5333	2,18,7
Australia,153.09,-26.3943	4,10,7
Australia,153.1,-26.6601	1,1,7
Azerbaijan,45.0799,41.2097	0,10,7
Azerbaijan,47.5,40.5	0,12,7
Azerbaijan,48.806,41.4635	1,20,7
Bahamas,-75.1117,23.2167	0,6,7
Bahamas,-77.4,25.0333	2,2,7
Bahrain,50.55,26.0	2,46,7
Bangladesh,88.6405,24.3711	2,2,7
Bangladesh,88.8248,25.8307	0,15,7
Bangladesh,88.8539,25.9359	2,10,7
Bangladesh,88.9077,23.048	0,4,7
Bangladesh,89.2132,23.1687	3,2,7
Bangladesh,89.3333,22.5667	1,2,7
Bangladesh,89.3667,23.8667	0,10,7
Bangladesh,89.5587,22.8486	4,10,7
Bangladesh,90.0167,24.4333	1,2,7
Bangladesh,90.6333,22.6	0,6,7
Bangladesh,91.8117,22.6067	1,78,7
Bangladesh,91.9667,23.1	0,114,7
Bangladesh,91.9762,22.2931	0,9,7
Bangladesh,92.3058,20.8624	0,50,7
Belarus,27.5667,53.9	2,76,7
Belarus,30.2049,55.1904	2,8,7
Belgium,2.89764,50.7658	1,10,7
Belgium,4.33333,50.8333	2,395,7
Bhutan,90.5,27.5	1,754,7
Bosnia-Herzegovina,18.0,44.0	1,10,7
Bosnia-Herzegovina,19.2967,44.1075	1,24,7
Botswana,25.9119,-24.6464	1,5,7
Brazil,-40.35,-20.3167	2,10,7
Brazil,-43.2333,-22.9	3,20,7
Brazil,-52.0833,-32.0333	1,4,7
Brazil,-55.0,-10.0	1,410,7
Bulgaria,24.75,42.15	0,2,7
Bulgaria,25.0,43.0	2,94,7
Bulgaria,25.4167,42.5667	1,66,7
Bulgaria,25.75,42.5833	0,6,7
Bulgaria,26.75,41.9833	1,10,7
BurkinaFaso,-1.52472,12.3703	1,10,7
Burundi,30.0,-3.5	1,45,7
Cambodia,103.198,13.1027	1,50,7
Cambodia,103.816,11.7152	0,1,7
Cambodia,104.917,11.55	1,683,7
Cambodia,105.0,13.75	0,10,7
Cameroon,11.5167,3.86667	0,10,7
Cameroon,12.0,6.0	1,541,7
Cameroon,13.8586,10.577	6,10,7
Cameroon,14.0,4.0	1,13,7
Cameroon,9.55694,3.92028	1,10,7
Canada,-100.0,75.0	3,4,7
Canada,-105.55,50.4	1,7,7
Canada,-108.3,52.7667	2,14,7
Canada,-111.383,56.7333	3,85,7
Canada,-113.05,50.8667	1,8,7
Canada,-114.083,51.0833	2,87,7
Canada,-119.35,50.3667	2,52,7
Canada,-121.95,49.1667	4,6,7
Canada,-122.917,49.2167	1,6,7
Canada,-123.15,49.7	2,82,7
Canada,-124.0,46.25	3,4,7
Canada,-130.25,53.95	4,2,7
Canada,-58.5667,48.55	2,10,7
Canada,-63.1167,46.25	1,4,7
Canada,-64.5333,46.2167	2,4,7
Canada,-66.5,62.4167	2,1,7
Canada,-67.4833,46.4	3,6,7
Canada,-72.0,47.5	2,232,7
Canada,-72.9833,45.1167	2,10,7
Canada,-73.6667,45.5167	2,5,7
Canada,-79.05,43.1	0,16,7
Canada,-79.5667,43.7167	2,8,7
Canada,-79.5667,43.7	1,1,7
Canada,-80.0,43.8667	0,2,7
Canada,-81.5,43.6667	1,8,7
Canada,-81.9667,42.55	2,1,7
Canada,-82.4333,52.9167	1,10,7
Canada,-85.0,45.0	2,5,7
CentralAfricanRepublic,17.9892,3.86781	2,4,7
CentralAfricanRepublic,18.2733,6.51046	0,110,7
CentralAfricanRepublic,18.5833,4.36667	1,708,7
CentralAfricanRepublic,20.0556,5.73948	0,74,7
CentralAfricanRepublic,20.6757,5.76795	1,124,7
CentralAfricanRepublic,21.0,7.0	4,100,7
Chad,15.0482,12.1085	1,98,7
Chad,16.6658,7.71389	1,10,7
Chad,17.0983,11.3356	1,33,7
Chad,19.0,15.0	1,290,7
Chile,-70.1333,-25.3667	5,10,7
Chile,-73.8203,-41.8697	2,8,7
China,100.033,23.9	1,3,7
China,104.274,31.9453	3,2,7
China,106.185,31.7394	6,6,7
China,108.737,21.6639	1,2,7
China,109.177,34.5447	3,7,7
China,109.484,18.9394	2,16,7
China,109.535,27.6067	1,2,7
China,109.829,26.5281	2,6,7
China,115.654,23.9782	5,8,7
China,116.054,23.2656	3,2,7
China,116.388,39.9289	2,1105,7
China,116.391,39.9072	2,20,7
China,118.852,32.9793	2,13,7
China,120.169,30.2553	0,20,7
China,120.294,31.5772	5,2,7
China,120.559,30.2093	1,4,7
China,123.433,41.7922	2,11,7
China,79.5397,35.0931	1,8,7
China,97.6794,23.8761	0,6,7
ChristmasIsland,105.667,-10.5	1,125,7
Colombia,-72.0,4.0	1,296,7
Colombia,-73.8867,9.51	2,2,7
Colombia,-74.0833,4.6	2,15,7
Colombia,-74.1567,10.0343	2,8,7
Colombia,-74.1814,10.8736	3,4,7
Colombia,-75.45,3.61667	2,1,7
Colombia,-75.5144,10.3997	2,8,7
Congo,15.0,-1.0	1,112,7
CostaRica,-83.5238,8.95988	1,10,7
CostaRica,-84.1004,9.90163	3,2,7
CotedIvoire,-5.0,8.0	1,24,7
Croatia,16.63,43.7417	5,6,7
Cuba,-79.6489,21.7911	3,9,7
Cuba,-80.8833,22.3167	1,2,7
Cuba,-81.1664,22.18	1,12,7
Cuba,-81.5775,23.0411	5,1,7
Cuba,-82.8333,22.8	2,12,7
Cyprus,33.0,35.0	1,95,7
Cyprus,33.2,35.1542	2,54,7
Cyprus,33.3875,34.825	2,20,7
Cyprus,33.4417,34.8417	0,25,7
CzechRepublic,12.875,50.237	1,30,7
CzechRepublic,15.5,49.75	2,61,7
CzechRepublic,15.7758,50.0278	3,4,7
CzechRepublic,17.9591,49.198	3,10,7
DemocraticRepublicoftheCongo,15.315,-4.32972	1,2,7
DemocraticRepublicoftheCongo,25.0,0.0	2,40,7
DemocraticRepublicoftheCongo,26.7833,-2.3	1,5,7
Denmark,10.0,56.0	1,203,7
Denmark,10.6823,56.2018	0,5,7
Denmark,12.352,55.7198	2,2,7
DominicanRepublic,-69.4081,18.5554	3,2,7
DominicanRepublic,-70.6667,19.0	2,71,7
Ecuador,-77.5,-2.0	1,1509,7
Ecuador,-77.75,-1.58333	1,10,7
Egypt,25.784,29.1474	1,155,7
Egypt,29.9192,31.1981	2,66,7
Egypt,30.0,27.0	1,872,7
Egypt,31.0067,31.1453	1,34,7
Egypt,31.2122,30.0086	2,76,7
Egypt,31.2302,30.0052	1,25,7
Egypt,31.2374,30.0391	1,40,7
Egypt,31.2395,30.0525	1,12,7
Egypt,34.2369,31.2878	0,111,7
ElSalvador,-87.8439,13.3369	0,49,7
ElSalvador,-88.9167,13.8333	1,703,7
Ethiopia,38.7333,10.55	2,4,7
Ethiopia,39.0833,6.03333	3,10,7
Ethiopia,39.1667,11.1667	2,6,7
Ethiopia,41.05,4.3	2,6,7
Ethiopia,42.2981,9.58417	0,2,7
Ethiopia,44.0,8.0	1,21,7
Fiji,177.467,-17.6167	1,20,7
Finland,23.1167,63.8333	2,3,7
France,-0.259104,49.2757	3,4,7
France,1.60456,50.7207	1,14,7
France,3.42347,46.1283	2,21,7
France,5.44879,43.5287	1,6,7
France,6.5,45.4	0,18,7
France,6.95705,43.5995	1,2,7
Gambia,-16.5775,13.4531	2,47,7
Gambia,-16.6461,13.2675	6,8,7
GazaStrip,126.321,8.73308	0,1117,7
GazaStrip,34.2311,31.3292	0,174,7
GazaStrip,34.385,31.4223	1,30,7
GazaStrip,34.4411,31.5119	1,1788,7
GazaStrip,34.4835,31.5272	1,216,7
GazaStrip,34.4951,31.5464	0,105,7
Georgia,45.0165,41.7849	1,10,7
Germany,12.95,47.8167	1,1,7
Germany,7.98333,52.4	1,5,7
Germany,8.04167,49.5039	4,4,7
Germany,8.38583,49.0047	1,30,7
Germany,8.91667,48.3167	2,8,7
Germany,9.0,51.0	2,1707,7
Ghana,-0.25,9.5	2,20,7
Ghana,-0.647449,8.2151	2,6,7
Ghana,-1.61667,6.68333	3,4,7
Greece,20.6,38.1667	4,1,7
Greece,22.9,36.8667	2,4,7
Greece,23.4936,37.9656	1,2,7
Greece,23.7333,37.9833	1,410,7
Greece,24.0565,37.7144	1,6,7
Greece,26.25,39.1667	1,10,7
Grenada,-61.6667,12.1167	4,4,7
Guatemala,-89.5667,14.6333	1,2,7
Guatemala,-90.5269,14.6211	0,49,7
Honduras,-85.9,16.4	1,21,7
Honduras,-87.2167,14.1	1,39,7
Honduras,-87.425,13.5922	1,8,7
Honduras,-89.15,14.8333	1,24,7
HongKong,114.133,22.2833	2,8,7
HongKong,114.167,22.3167	3,10,7
HongKong,114.167,22.5333	3,18,7
Hungary,19.0833,47.5	2,46,7
Hungary,20.0,47.0	2,73,7
Iceland,-21.95,64.15	2,14,7
India,65.0,20.0	6,7,7
India,70.9,26.9167	2,10,7
India,72.6167,23.0333	2,4,7
India,73.1,18.9833	1,1,7
India,73.8667,18.5333	3,5,7
India,74.8333,30.0833	3,5,7
India,74.8656,31.6331	2,12,7
India,74.8667,32.7333	1,77,7
India,74.9431,32.7583	1,2,7
India,75.7667,23.1833	3,10,7
India,76.0,13.5	1,19,7
India,76.4003,30.3267	1,10,7
India,76.6667,33.9167	1,63,7
India,76.75,11.3833	1,8,7
India,77.0,20.0	2,615,7
India,77.1147,31.1647	3,1,7
India,77.6167,19.3667	5,4,7
India,77.6833,11.45	1,8,7
India,77.7167,30.1167	3,2,7
India,78.5,23.5	2,7,7
India,78.8333,9.38333	2,30,7
India,79.1489,26.8927	1,8,7
India,79.3583,27.0529	1,26,7
India,79.5,18.0	2,12,7
India,79.75,11.75	1,1,7
India,80.75,27.25	1,38,7
India,81.75,21.5	1,14,7
India,81.9,18.35	2,2,7
India,83.7167,20.6167	7,2,7
India,84.4833,23.1333	0,78,7
India,84.9167,26.65	1,1,7
India,85.3333,23.35	2,4,7
India,85.5167,25.1833	3,8,7
India,86.7,20.7333	0,20,7
India,87.3333,22.4333	2,16,7
India,88.3697,22.5697	1,94,7
India,90.2718,26.399	1,72,7
India,92.8,24.8167	2,10,7
India,93.7833,26.0167	3,6,7
Indonesia,106.829,-6.17444	1,216,7
Indonesia,106.878,-6.3274	1,4,7
Indonesia,107.675,-6.99	0,6,7
Indonesia,109.739,-7.27083	2,2,7
Indonesia,97.208,5.0911	1,60,7
Indonesia,98.4157,3.1204	0,8,7
Indonesia,99.0,2.0	0,32,7
Iran,46.4609,36.2025	2,6,7
Iran,47.065,34.3142	1,9,7
Iran,47.396,39.0815	2,6,7
Iran,48.7031,32.1803	2,1,7
Iran,49.4,36.2333	1,6,7
Iran,51.9266,33.4964	3,4,7
Iran,58.965,37.2638	2,4,7
Iran,59.6062,36.297	1,12,7
Iraq,42.35,37.1167	1,2,7
Iraq,43.6786,34.6158	1,381,7
Iraq,43.7167,33.3667	1,394,7
Iraq,44.0081,36.0056	3,4,7
Iraq,44.1167,33.1667	3,10,7
Iraq,44.1861,34.0475	2,6,7
Iraq,44.3922,35.4681	1,79,7
Iraq,44.3939,33.3386	2,2001,7
Iraq,44.4271,33.1625	4,4,7
Iraq,44.5845,34.7256	0,142,7
Iraq,44.6326,34.8881	1,2,7
Iraq,44.8667,35.7167	2,2,7
Iraq,45.1779,34.2772	1,5,7
Iraq,45.55,35.25	1,5,7
Iraq,45.58,35.4224	2,37,7
Iraq,46.5886,31.2667	2,3,7
Iraq,47.7177,30.1125	1,3,7
Ireland,-6.34111,53.2878	2,6,7
Ireland,-6.46667,53.4	2,1,7
Ireland,-7.70389,52.355	0,10,7
Ireland,-8.11667,54.65	4,19,7
Ireland,-8.18333,53.6333	2,2,7
Ireland,-8.21944,53.3275	4,1,7
Ireland,-8.45417,53.1572	2,2,7
Ireland,-9.23028,53.1997	3,10,7
Ireland,-9.48333,52.6397	1,2,7
Israel,34.2846,31.2278	1,25,7
Israel,34.4978,31.4732	1,68,7
Israel,34.6924,31.8203	3,2,7
Israel,34.7167,31.0333	3,8,7
Israel,34.7444,31.7108	2,8,7
Israel,34.755,31.3934	1,5,7
Israel,34.7667,32.0667	1,2275,7
Israel,34.8033,31.9264	1,6,7
Israel,34.8167,30.6	7,10,7
Israel,34.8467,31.9161	5,1,7
Israel,34.8481,32.0539	1,17,7
Israel,34.8489,31.5655	1,10,7
Israel,34.856,32.3485	1,8,7
Israel,34.8867,32.0114	1,109,7
Israel,35.0341,32.5239	2,7,7
Israel,35.1127,33.0602	1,6,7
Israel,35.1981,31.7734	2,34,7
Israel,35.2333,31.7667	1,3733,7
Israel,35.5,32.6667	1,50,7
Israel,35.5005,32.9656	2,9,7
Israel,35.5312,32.7922	1,18,7
Israel,35.5513,32.6211	2,19,7
Israel,35.5795,33.2792	2,6,7
Israel,35.607,33.2086	3,7,7
Italy,11.3333,46.5	3,29,7
Italy,12.35,45.7	0,2,7
Italy,12.6167,43.0667	3,7,7
Italy,12.8333,42.8333	2,1904,7
Italy,13.2333,42.0667	2,14,7
Italy,13.4961,45.8461	2,10,7
Italy,13.8833,41.6333	3,6,7
Italy,14.4833,40.75	3,4,7
Italy,14.6333,40.7333	3,5,7
Italy,15.65,38.1	0,86,7
Italy,16.5,40.5	5,10,7
Italy,8.46667,46.1333	3,20,7
Italy,9.5,45.6667	1,10,7
Jamaica,-76.75,18.0667	4,4,7
Japan,125.0,29.0	2,7,7
Japan,135.167,34.6833	1,4,7
Japan,135.567,34.8167	1,4,7
Japan,138.933,35.3	4,10,7
Japan,139.65,35.45	3,4,7
Japan,141.0,39.0	1,10,7
Japan,141.583,38.9	1,14,7
Japan,144.433,43.3667	1,23,7
Jordan,35.8993,32.2808	4,3,7
Jordan,36.8153,31.8327	1,284,7
Kazakhstan,51.8833,47.1167	0,1,7
Kazakhstan,71.4278,51.1811	0,15,7
Kenya,35.7308,0.051578	4,2,7
Kenya,36.0667,-0.283333	2,18,7
Kenya,36.312,-0.489721	1,4,7
Kenya,36.8167,-1.28333	1,436,7
Kenya,37.8897,0.665673	2,12,7
Kenya,40.25,1.0	2,10,7
Kiribati,173.0,1.4167	0,52,7
Kuwait,48.05,29.2892	0,6,7
Kuwait,48.0761,29.3339	2,2,7
Laos,105.0,18.0	1,65,7
Latvia,24.1,56.95	1,8,7
Lebanon,35.4919,33.8817	3,10,7
Lebanon,35.5519,33.8361	4,2,7
Lebanon,35.9586,33.8169	1,10,7
Lebanon,36.0797,34.5428	1,17,7
Lebanon,36.3669,33.85	0,6,7
Lebanon,36.4192,34.2589	1,14,7
Liberia,-9.5,6.5	1,51,7
Libya,13.9942,31.7566	2,10,7
Libya,20.2667,32.0833	4,19,7
Libya,21.85,32.8304	0,120,7
Libya,21.9978,32.7865	1,50,7
Lithuania,24.0,56.0	3,36,7
Macedonia,20.9083,41.7972	0,3,7
Malawi,33.7833,-13.9833	2,6,7
Malawi,34.0,-13.5	3,74,7
Malaysia,100.128,6.40356	1,12,7
Malaysia,102.314,2.801	2,50,7
Malaysia,102.401,4.3831	1,6,7
Malaysia,116.072,5.9749	2,40,7
Malaysia,118.887,5.0186	1,8,7
Mali,-4.0,17.0	1,46,7
Mali,0.858889,19.4614	2,232,7
Mali,1.40778,18.4411	1,128,7
Malta,14.5147,35.8997	1,57,7
MarshallIslands,168.717,4.63333	1,20,7
Mexico,-100.367,17.85	0,20,7
Mexico,-100.917,29.3	0,139,7
Mexico,-101.25,23.6	5,4,7
Mexico,-101.45,25.2333	1,78,7
Mexico,-102.0,23.0	1,2240,7
Mexico,-102.55,19.7333	4,1,7
Mexico,-102.7,19.15	1,10,7
Mexico,-103.117,21.0333	1,5,7
Mexico,-104.012,24.3325	0,32,7
Mexico,-104.475,20.9958	1,4,7
Mexico,-104.767,30.2667	1,8,7
Mexico,-106.483,31.7333	0,45,7
Mexico,-107.583,27.8333	0,2,7
Mexico,-107.594,24.9086	0,214,7
Mexico,-107.689,24.6708	6,4,7
Mexico,-108.967,25.7667	0,6,7
Mexico,-111.383,28.6	1,2,7
Mexico,-116.918,32.2319	1,12,7
Mexico,-92.2167,15.0333	1,40,7
Mexico,-93.8833,17.9167	1,124,7
Mexico,-94.1833,16.3	0,27,7
Mexico,-95.1014,16.5781	0,458,7
Micronesia,158.25,6.9167	1,4,7
Mongolia,101.5,48.0	5,6,7
Morocco,-5.0,32.0	1,185,7
Morocco,-6.0348,35.465	1,10,7
Mozambique,39.2647,-15.1197	2,10,7
Myanmar,95.9833,21.8667	2,6,7
Myanmar,96.15,17.65	2,6,7
Myanmar,96.1667,17.0	0,3,7
Myanmar,96.1911,16.7769	0,22,7
Myanmar,96.2094,16.7697	1,10,7
Myanmar,96.25,18.25	1,5,7
Myanmar,98.0,23.0	1,6,7
Myanmar,98.55,9.97968	0,1,7
Myanmar,99.0167,12.0833	0,1,7
Nepal,83.9877,28.2185	0,13,7
Nepal,84.0,28.0	2,241,7
Nepal,87.8561,26.4845	0,25,7
Nepal,88.0686,26.571	1,25,7
Netherlands,4.91667,52.35	3,137,7
Netherlands,5.11909,52.0938	5,4,7
Netherlands,6.56322,52.9947	5,15,7
NewCaledonia,165.5,-21.5	2,10,7
NewZealand,169.5,-45.25	4,10,7
NewZealand,174.783,-41.3	2,57,7
NewZealand,174.917,-41.2667	2,10,7
NewZealand,178.004,-38.6533	1,10,7
Niger,12.6113,13.3154	2,10,7
Niger,8.0,16.0	1,166,7
Nigeria,10.9667,11.4833	1,60,7
Nigeria,12.45,9.31667	2,4,7
Nigeria,12.847,10.8658	1,34,7
Nigeria,13.6312,10.8902	0,11,7
Nigeria,14.1917,12.1218	1,12,7
Nigeria,3.39583,6.45306	2,36,7
Nigeria,6.63738,12.2658	0,10,7
Nigeria,6.98686,5.1359	1,26,7
Nigeria,7.75,10.3333	0,15,7
Nigeria,8.44435,11.1902	0,27,7
NorthKorea,125.755,39.0194	1,1568,7
Norway,10.75,59.9167	2,112,7
Norway,11.1333,60.2167	1,10,7
Norway,8.0,58.1667	5,2,7
Oceans,3.0,55.3333	1,2,7
Oceans,35.0,43.0	0,10,7
Pakistan,66.8516,24.85	1,10,7
Pakistan,67.0055,30.2073	4,10,7
Pakistan,67.0097,30.199	1,13,7
Pakistan,69.6821,32.304	1,15,7
Pakistan,69.9576,32.9509	1,477,7
Pakistan,70.0,30.0	2,1249,7
Pakistan,70.0,33.0	1,39,7
Pakistan,70.2418,30.8247	2,1,7
Pakistan,70.4347,33.1497	0,29,7
Pakistan,70.9319,33.9261	0,4,7
Pakistan,71.0146,30.4113	2,6,7
Pakistan,71.7834,35.7441	1,16,7
Pakistan,71.8296,33.5889	0,16,7
Pakistan,71.8516,30.915	1,10,7
Pakistan,71.9167,34.8333	0,145,7
Pakistan,72.1751,35.3803	1,36,7
Pakistan,72.3332,33.2299	1,2,7
Pakistan,72.5206,35.128	3,13,7
Pakistan,72.9,30.85	1,37,7
Pakistan,73.0246,33.9451	2,8,7
Pakistan,73.0667,31.3667	1,7,7
Pakistan,73.0761,33.7368	2,2,7
Pakistan,73.25,31.2833	1,396,7
Pakistan,73.4458,30.8081	3,10,7
Pakistan,73.6972,31.4475	2,2,7
Pakistan,74.0772,31.5681	1,11,7
Pakistan,74.2617,31.8025	2,8,7
Pakistan,74.3436,31.5497	1,145,7
Panama,-79.3833,9.08333	1,6,7
Panama,-79.9167,9.33333	2,4,7
Panama,-80.0,9.0	1,293,7
PapuaNewGuinea,146.937,-2.0729	1,714,7
PapuaNewGuinea,147.0,-6.0	1,36,7
Peru,-69.1833,-12.6	0,10,7
Peru,-77.05,-12.05	2,65,7
Philippines,120.383,17.65	3,8,7
Philippines,120.488,16.9018	4,20,7
Philippines,120.69,15.0286	1,6,7
Philippines,120.982,14.6042	1,449,7
Philippines,121.0,6.0	1,88,7
Philippines,121.03,14.9285	1,2,7
Philippines,121.124,14.6982	3,5,7
Philippines,121.262,5.90919	1,231,7
Philippines,122.0,13.0	2,148,7
Philippines,122.148,7.6725	0,10,7
Philippines,122.564,10.6969	0,72,7
Philippines,122.654,11.3656	4,8,7
Philippines,123.817,10.3	1,5,7
Philippines,124.403,8.45139	1,14,7
Philippines,124.503,7.02833	2,41,7
Philippines,124.637,6.8	1,2,7
Philippines,124.955,11.3482	1,10,7
Philippines,125.495,9.789	2,17,7
Philippines,126.333,7.16667	1,9,7
Poland,22.6,51.2333	1,12,7
Poland,22.6973,53.7303	1,21,7
Qatar,51.25,25.5	2,212,7
Romania,23.8,44.3167	3,20,7
Romania,24.3833,45.7167	3,5,7
Russia,129.21,50.5388	2,1,7
Russia,131.378,42.8696	0,12,7
Russia,132.975,48.694	1,1,7
Russia,134.26,47.3617	1,260,7
Russia,135.0,45.0	2,5,7
Russia,30.4142,59.7228	4,10,7
Russia,32.7679,57.9665	1,5,7
Russia,32.7797,53.7547	2,1,7
Russia,35.8328,55.2031	0,10,7
Russia,39.7139,47.2364	1,435,7
Russia,39.895,43.4683	1,2,7
Russia,39.9311,48.0531	1,16,7
Russia,39.9333,47.7604	1,10,7
Russia,40.4338,49.2333	1,1,7
Russia,41.3686,53.2359	2,10,7
Russia,41.9734,45.0428	1,26,7
Russia,44.5858,48.8047	1,13,7
Russia,44.6678,43.0367	1,27,7
Russia,47.0,43.0	2,15,7
Russia,48.5507,57.2858	2,8,7
Russia,48.6292,57.2889	1,11,7
Russia,49.5667,52.5833	0,1,7
Russia,50.8667,55.0	1,8,7
Russia,57.7054,51.2921	2,18,7
Russia,60.6125,56.8575	0,9,7
Russia,61.9329,56.4185	0,5,7
Russia,77.5991,53.622	2,27,7
Russia,94.45,51.7	0,4,7
Rwanda,28.9195,-2.60186	1,10,7
Rwanda,29.5762,-1.5289	2,32,7
Rwanda,29.7067,-2.05257	2,14,7
Rwanda,29.7513,-2.097	2,10,7
Rwanda,30.0861,-1.4811	3,3,7
Samoa,-172.388,-13.7736	0,4,7
SaudiArabia,45.0,25.0	2,244,7
SaudiArabia,47.3288,24.1822	4,2,7
Serbia,20.6214,45.1117	2,4,7
Serbia,21.1825,44.6153	1,34,7
Seychelles,55.6667,-4.5833	0,18,7
SierraLeone,-11.5,8.5	1,29,7
Slovenia,15.0,46.0	2,7,7
Somalia,42.5454,-0.358173	1,12,7
Somalia,44.065,9.56	3,4,7
Somalia,45.3667,2.06667	1,493,7
SouthAfrica,18.9487,-32.1258	0,6,7
SouthAfrica,23.4973,-26.2657	1,54,7
SouthAfrica,26.6526,-30.578	1,2,7
SouthAfrica,27.9667,-26.05	1,52,7
SouthAfrica,28.0596,-26.0532	2,4,7
SouthAfrica,31.534,-27.8818	5,6,7
SouthKorea,126.916,35.1547	1,10,7
SouthKorea,127.25,37.6	4,2,7
SouthKorea,127.5,37.0	1,1115,7
SouthKorea,129.4,36.1833	1,1,7
SouthSudan,27.6617,7.77555	3,15,7
SouthSudan,28.2921,9.06282	2,15,7
SouthSudan,29.85,8.65	1,23,7
SouthSudan,31.409,8.12193	2,2,7
SouthSudan,31.6012,4.84597	1,567,7
SouthSudan,32.4,7.4	2,48,7
SouthSudan,33.2253,10.5637	1,58,7
SouthSudan,33.8,4.9	1,9,7
Spain,-1.0894,38.0249	2,26,7
Spain,-3.68333,40.4	1,80,7
Spain,-4.0,40.0	1,796,7
Spain,-4.91413,41.3124	2,10,7
Spain,2.18333,41.3833	2,22,7
SriLanka,79.8283,8.0362	0,7,7
SriLanka,79.9057,7.5741	1,16,7
SriLanka,80.4051,8.3171	2,6,7
SriLanka,80.6582,9.0597	2,10,7
SriLanka,81.0189,6.7434	1,10,7
SriLanka,81.1301,6.3525	1,4,7
Sudan,23.4741,12.9096	2,2,7
Sudan,30.0,15.0	1,2021,7
Sudan,30.35,13.0833	2,74,7
Sudan,32.4,13.5	1,64,7
Sudan,33.2667,13.9833	3,6,7
Sudan,35.4,14.0333	1,8,7
Sweden,16.1833,58.6	2,8,7
Sweden,18.05,59.3333	2,596,7
Sweden,18.3,57.6333	2,12,7
Switzerland,6.11667,46.2167	1,12,7
Switzerland,7.46667,46.9167	2,130,7
Switzerland,8.55,47.3667	2,31,7
Switzerland,9.83333,46.8167	1,93,7
Syria,35.8072,32.9049	1,127,7
Syria,35.9667,33.7	0,66,7
Syria,35.9896,34.7517	1,18,7
Syria,36.6339,35.9306	1,184,7
Syria,36.6574,33.9674	1,27,7
Syria,36.81,36.054	3,6,7
Syria,37.0054,35.5905	0,101,7
Syria,37.1609,36.2889	2,1,7
Syria,37.4427,36.3694	1,107,7
Syria,37.6876,36.5939	1,7,7
Syria,37.955,36.5282	1,84,7
Syria,38.0,35.0	1,14649,7
Syria,38.4026,36.6166	1,6,7
Syria,38.5443,35.8469	0,4,7
Syria,39.0167,35.95	0,183,7
Syria,40.8756,34.6389	0,16,7
Syria,42.0625,36.8124	3,10,7
Syria,42.2869,37.2625	3,10,7
Taiwan,120.8,21.9453	3,20,7
Taiwan,121.583,24.0167	3,5,7
Tanzania,35.0,-6.0	2,170,7
Tanzania,36.6833,-3.36667	0,6,7
Tanzania,37.6667,-6.81667	0,12,7
Thailand,100.883,12.9333	6,4,7
Thailand,103.594,14.4749	1,8,7
Thailand,98.3833,7.83333	1,51,7
Thailand,98.5298,8.4509	1,263,7
TrinidadandTobago,-60.7314,11.1774	0,70,7
TrinidadandTobago,-61.2078,10.5866	1,16,7
TrinidadandTobago,-61.3249,10.5881	2,5,7
TrinidadandTobago,-61.6824,10.1782	4,4,7
Tunisia,10.1797,36.8028	1,28,7
Tunisia,11.1122,33.504	0,38,7
Tunisia,8.35547,36.2229	0,10,7
Turkey,26.0697,39.835	3,8,7
Turkey,28.5395,39.2109	1,21,7
Turkey,28.7501,40.1045	2,8,7
Turkey,29.0279,39.5239	1,55,7
Turkey,29.0433,41.0572	1,2,7
Turkey,30.5433,38.7567	3,4,7
Turkey,31.6061,40.7358	2,10,7
Turkey,32.8644,39.9272	1,2092,7
Turkey,32.8918,36.6404	2,5,7
Turkey,32.9873,40.1351	2,137,7
Turkey,34.0254,38.3726	1,14,7
Turkey,34.5096,39.7459	1,2,7
Turkey,34.6442,36.7328	1,44,7
Turkey,35.3289,37.0017	0,115,7
Turkey,35.4853,38.7322	1,3,7
Turkey,35.6402,39.8222	1,16,7
Turkey,35.6592,38.7918	1,56,7
Turkey,36.1572,36.2066	1,26,7
Turkey,36.33,41.2867	1,19,7
Turkey,36.9264,37.5847	1,29,7
Turkey,37.4756,36.6372	1,5,7
Turkey,37.6755,37.8096	0,10,7
Turkey,37.7942,37.0097	0,10,7
Turkey,38.4912,37.7305	2,10,7
Turkey,38.883,37.1853	1,2,7
Turkey,38.9525,36.7325	0,2,7
Turkey,40.05,36.8472	1,2,7
Turkey,40.2189,37.9158	2,25,7
Turkey,41.0278,37.49	1,21,7
Turkey,41.8937,39.3456	2,2,7
Turkey,42.0643,38.8901	1,8,7
Turkey,42.1903,37.3272	2,26,7
Turkey,42.4594,37.5228	1,47,7
Tuvalu,178.0,-8.0	0,34,7
Uganda,30.0417,0.741389	1,41,7
Uganda,31.6241,3.53552	0,10,7
Uganda,31.9559,3.39263	1,12,7
Ukraine,24.0305,49.8407	2,2,7
Ukraine,25.0424,48.283	3,1,7
Ukraine,25.6056,49.5559	2,10,7
Ukraine,30.7386,46.4639	2,88,7
Ukraine,34.0,45.0	1,114,7
Ukraine,34.1108,44.9572	2,54,7
Ukraine,36.0627,48.1127	2,6,7
Ukraine,36.2527,49.9808	1,90,7
Ukraine,37.206,48.352	0,10,7
Ukraine,37.5895,48.8414	1,274,7
Ukraine,37.9258,48.0478	0,25,7
Ukraine,38.0667,47.4167	4,2,7
Ukraine,38.5,48.5	1,80,7
Ukraine,39.3171,48.567	1,199,7
Ukraine,39.3306,48.2161	2,42,7
UnitedKingdom,-0.05,51.5167	1,12,7
UnitedKingdom,-0.083333,51.5333	2,12,7
UnitedKingdom,-0.1,51.5333	3,10,7
UnitedKingdom,-0.183333,51.1667	1,14,7
UnitedKingdom,-0.4,51.25	3,8,7
UnitedKingdom,-0.55,51.45	3,8,7
UnitedKingdom,-0.566667,51.2167	2,6,7
UnitedKingdom,-0.733333,51.9833	5,7,7
UnitedKingdom,-0.9,51.5333	4,10,7
UnitedKingdom,-1.03489,52.6649	2,15,7
UnitedKingdom,-1.16278,54.5728	1,10,7
UnitedKingdom,-1.16667,51.0833	2,5,7
UnitedKingdom,-1.25,51.5	1,20,7
UnitedKingdom,-1.35,50.9667	3,5,7
UnitedKingdom,-2.0,55.7833	2,5,7
UnitedKingdom,-2.01667,53.5167	2,5,7
UnitedKingdom,-2.03333,57.5167	1,4,7
UnitedKingdom,-2.15,53.4	3,10,7
UnitedKingdom,-2.50833,51.4528	5,12,7
UnitedKingdom,-2.66667,57.1667	1,6,7
UnitedKingdom,-2.73333,54.65	3,5,7
UnitedKingdom,-3.0,51.6667	1,5,7
UnitedKingdom,-3.23333,53.1167	1,3,7
UnitedKingdom,-3.65,55.4667	3,1,7
UnitedKingdom,-3.88333,56.0833	3,7,7
UnitedKingdom,-4.03333,50.3167	0,8,7
UnitedKingdom,0.416667,52.25	2,6,7
UnitedKingdom,0.633333,51.95	1,13,7
UnitedKingdom,0.9,51.8833	1,36,7
UnitedKingdom,1.45,51.3667	4,4,7
UnitedStates,-100.435,31.4474	3,14,7
UnitedStates,-100.63,46.0869	0,40,7
UnitedStates,-101.831,35.222	1,10,7
UnitedStates,-102.065,47.2908	2,10,7
UnitedStates,-103.231,44.0805	2,11,7
UnitedStates,-104.298,32.6876	0,2,7
UnitedStates,-105.075,40.3978	1,8,7
UnitedStates,-105.271,40.015	1,125,7
UnitedStates,-105.351,40.0833	2,3,7
UnitedStates,-105.444,32.9539	3,5,7
UnitedStates,-105.573,36.4072	5,1,7
UnitedStates,-106.487,31.7587	1,119,7
UnitedStates,-106.664,35.2334	0,6,7
UnitedStates,-106.681,34.907	2,5,7
UnitedStates,-107.209,42.7475	2,96,7
UnitedStates,-107.878,37.2758	2,4,7
UnitedStates,-109.708,32.834	0,4,7
UnitedStates,-111.301,47.5002	2,1,7
UnitedStates,-111.517,33.0006	1,2,7
UnitedStates,-111.539,47.0569	1,7,7
UnitedStates,-111.542,31.4887	2,10,7
UnitedStates,-111.655,40.115	3,2,7
UnitedStates,-111.693,35.097	2,10,7
UnitedStates,-111.717,33.6117	1,4,7
UnitedStates,-112.003,32.0004	1,8,7
UnitedStates,-112.151,34.0709	0,8,7
UnitedStates,-112.298,40.5308	0,4,7
UnitedStates,-112.475,34.5418	1,4,7
UnitedStates,-112.501,33.5	2,11,7
UnitedStates,-113.801,47.0166	1,20,7
UnitedStates,-115.107,36.08	1,46,7
UnitedStates,-116.865,48.5884	4,6,7
UnitedStates,-117.122,38.4199	1,128,7
UnitedStates,-117.255,32.7445	2,10,7
UnitedStates,-117.577,35.1916	2,6,7
UnitedStates,-117.768,33.7	2,38,7
UnitedStates,-117.897,34.4936	1,10,7
UnitedStates,-118.116,34.5794	2,21,7
UnitedStates,-118.284,34.0625	1,3,7
UnitedStates,-118.31,34.1072	5,6,7
UnitedStates,-118.327,34.0983	2,240,7
UnitedStates,-118.351,34.2667	2,3,7
UnitedStates,-118.775,34.1364	0,2,7
UnitedStates,-118.806,34.1458	5,5,7
UnitedStates,-119.059,34.3542	0,6,7
UnitedStates,-119.195,34.1478	0,158,7
UnitedStates,-119.701,37.2622	1,2,7
UnitedStates,-119.746,36.17	1,5688,7
UnitedStates,-119.768,37.1819	1,8,7
UnitedStates,-119.814,39.5296	2,31,7
UnitedStates,-119.845,37.7638	0,3,7
UnitedStates,-119.861,34.4133	2,12,7
UnitedStates,-119.991,39.9002	5,8,7
UnitedStates,-120.014,47.8412	1,15,7
UnitedStates,-120.084,44.1665	1,12,7
UnitedStates,-120.501,44.0001	0,4,7
UnitedStates,-120.516,46.5962	2,8,7
UnitedStates,-120.554,46.9862	0,6,7
UnitedStates,-120.587,38.7613	0,6,7
UnitedStates,-121.291,37.9577	7,8,7
UnitedStates,-121.439,38.2555	2,1,7
UnitedStates,-121.684,41.8985	0,10,7
UnitedStates,-121.768,37.2333	0,8,7
UnitedStates,-121.782,42.2249	3,1,7
UnitedStates,-121.85,39.7419	0,236,7
UnitedStates,-121.882,37.3358	3,40,7
UnitedStates,-121.934,37.9333	3,6,7
UnitedStates,-121.953,37.3466	3,20,7
UnitedStates,-122.0,37.8216	2,10,7
UnitedStates,-122.127,44.5672	2,673,7
UnitedStates,-122.182,37.4538	3,140,7
UnitedStates,-122.205,47.5404	3,4,7
UnitedStates,-122.271,37.8044	3,12,7
UnitedStates,-122.302,38.3144	1,8,7
UnitedStates,-122.379,37.5741	3,5,7
UnitedStates,-122.392,40.5865	0,6,7
UnitedStates,-122.411,37.8008	4,1,7
UnitedStates,-122.458,38.2919	0,8,7
UnitedStates,-122.621,47.5476	2,12,7
UnitedStates,-122.651,45.4012	0,2,7
UnitedStates,-122.651,45.5422	1,108,7
UnitedStates,-122.679,47.5578	1,7,7
UnitedStates,-122.926,42.4401	2,4,7
UnitedStates,-123.035,44.9429	2,6,7
UnitedStates,-123.07,44.046	1,6,7
UnitedStates,-123.631,40.9396	6,3,7
UnitedStates,-123.668,45.9665	8,2,7
UnitedStates,-123.901,41.6998	4,3,7
UnitedStates,-147.716,64.8378	2,11,7
UnitedStates,-150.676,61.3069	2,2,7
UnitedStates,-152.0,69.0	1,2,7
UnitedStates,-155.042,19.6256	0,68,7
UnitedStates,-155.473,20.0828	0,5,7
UnitedStates,-155.501,19.5006	0,27,7
UnitedStates,-155.846,19.8153	1,17,7
UnitedStates,-157.531,21.1098	1,547,7
UnitedStates,-162.31,55.0617	0,2,7
UnitedStates,-162.751,55.2506	0,4,7
UnitedStates,-68.2039,44.3876	3,1,7
UnitedStates,-68.672,44.8831	2,1,7
UnitedStates,-69.0761,44.1845	1,4,7
UnitedStates,-69.3977,44.6074	2,781,7
UnitedStates,-69.6317,44.552	3,8,7
UnitedStates,-70.0545,41.9984	1,5,7
UnitedStates,-70.1786,42.0584	2,8,7
UnitedStates,-70.6617,41.9576	1,2,7
UnitedStates,-70.874,43.2132	4,4,7
UnitedStates,-70.8831,43.1865	2,2,7
UnitedStates,-71.0064,41.5723	4,8,7
UnitedStates,-71.0662,42.4251	2,2,7
UnitedStates,-71.1164,42.3784	2,11,7
UnitedStates,-71.1351,42.6987	0,5,7
UnitedStates,-71.2495,42.0584	3,10,7
UnitedStates,-71.3826,41.8787	0,14,7
UnitedStates,-71.512,42.5376	2,20,7
UnitedStates,-71.5148,42.0029	2,14,7
UnitedStates,-71.5314,42.2373	1,603,7
UnitedStates,-71.8337,41.3773	2,2,7
UnitedStates,-72.0801,40.9979	5,1,7
UnitedStates,-72.0995,41.3557	1,4,7
UnitedStates,-72.1759,43.3676	1,18,7
UnitedStates,-72.329,41.3159	1,7,7
UnitedStates,-72.5218,42.9748	1,4,7
UnitedStates,-72.5898,42.1015	1,28,7
UnitedStates,-72.6079,42.1487	1,34,7
UnitedStates,-72.6329,42.1626	1,2,7
UnitedStates,-72.7093,44.0407	2,63,7
UnitedStates,-72.7795,41.6612	1,8,7
UnitedStates,-72.8195,41.794	3,10,7
UnitedStates,-73.0507,41.4859	0,2,7
UnitedStates,-73.1929,42.5126	0,7,7
UnitedStates,-73.2121,44.4759	2,31,7
UnitedStates,-73.2462,40.7812	3,10,7
UnitedStates,-73.2635,41.4932	2,8,7
UnitedStates,-73.9176,40.7042	0,2,7
UnitedStates,-73.9201,41.0832	1,8,7
UnitedStates,-73.9343,41.722	2,4,7
UnitedStates,-73.9425,40.7947	1,22,7
UnitedStates,-73.9629,40.7795	4,3,7
UnitedStates,-73.974,40.7793	2,20,7
UnitedStates,-73.9754,40.787	3,6,7
UnitedStates,-73.9853,40.7561	4,7,7
UnitedStates,-73.986,40.757	2,27,7
UnitedStates,-73.9868,40.7159	3,100,7
UnitedStates,-74.0443,40.689	2,20,7
UnitedStates,-74.0771,39.9268	1,2,7
UnitedStates,-74.1496,40.5834	0,5,7
UnitedStates,-74.3018,40.8409	1,4,7
UnitedStates,-74.401,40.6954	1,2,7
UnitedStates,-74.5399,41.3368	3,2,7
UnitedStates,-74.7877,39.9929	3,4,7
UnitedStates,-74.9035,40.0554	1,3,7
UnitedStates,-74.9329,40.5668	2,3,7
UnitedStates,-74.9384,42.1497	2,4774,7
UnitedStates,-75.1473,40.3054	0,1,7
UnitedStates,-75.1499,41.6018	3,15,7
UnitedStates,-75.1638,39.9523	1,459,7
UnitedStates,-75.193,39.954	2,1,7
UnitedStates,-75.1935,39.9509	2,4,7
UnitedStates,-75.2588,41.5768	3,15,7
UnitedStates,-75.3749,40.0004	4,10,7
UnitedStates,-75.5149,40.1304	0,6,7
UnitedStates,-75.5244,39.1582	3,5,7
UnitedStates,-75.5496,39.0834	1,2,7
UnitedStates,-75.633,39.7918	3,8,7
UnitedStates,-75.8749,40.1254	1,6,7
UnitedStates,-76.1346,43.0378	1,10,7
UnitedStates,-76.1474,43.0481	1,53,7
UnitedStates,-76.2852,36.8468	3,4,7
UnitedStates,-76.4389,40.0548	0,18,7
UnitedStates,-76.6197,39.437	1,8,7
UnitedStates,-76.7902,39.0724	1,368,7
UnitedStates,-76.9066,38.8962	4,48,7
UnitedStates,-76.9386,38.9859	3,35,7
UnitedStates,-77.0003,38.889	1,188,7
UnitedStates,-77.0044,38.8884	4,4,7
UnitedStates,-77.0183,38.8862	2,5,7
UnitedStates,-77.0203,38.8537	1,50,7
UnitedStates,-77.0261,38.9907	3,10,7
UnitedStates,-77.0262,38.8964	2,117,7
UnitedStates,-77.0374,38.9328	2,8,7
UnitedStates,-77.038,38.899	3,3,7
UnitedStates,-77.0441,38.9084	4,12,7
UnitedStates,-77.0726,38.9073	2,10,7
UnitedStates,-77.1589,38.9465	1,110,7
UnitedStates,-77.2311,39.8309	2,8,7
UnitedStates,-77.233,37.2001	1,8,7
UnitedStates,-77.264,40.5773	1,1360,7
UnitedStates,-77.6339,42.649	4,10,7
UnitedStates,-77.6611,42.3278	3,1,7
UnitedStates,-77.8122,34.8254	1,6,7
UnitedStates,-77.8497,36.751	0,26,7
UnitedStates,-77.8856,40.7337	2,10,7
UnitedStates,-77.9497,34.9502	0,4,7
UnitedStates,-78.1875,42.9981	0,4,7
UnitedStates,-78.1997,42.7001	3,10,7
UnitedStates,-78.4775,38.0443	3,6,7
UnitedStates,-78.5781,42.709	4,18,7
UnitedStates,-78.732,42.9346	0,2,7
UnitedStates,-78.7484,40.4723	1,84,7
UnitedStates,-78.7548,42.9034	2,8,7
UnitedStates,-78.8664,36.0335	0,5,7
UnitedStates,-78.8689,38.4496	2,6,7
UnitedStates,-79.0414,33.551	1,5,7
UnitedStates,-79.0486,35.9101	2,2,7
UnitedStates,-79.0567,43.0945	0,16,7
UnitedStates,-79.1223,39.7617	2,2,7
UnitedStates,-79.395,36.586	2,10,7
UnitedStates,-79.522,40.8165	2,8,7
UnitedStates,-79.8273,34.2521	2,3,7
UnitedStates,-79.9684,36.0304	1,2,7
UnitedStates,-80.0364,26.7056	2,5,7
UnitedStates,-80.0733,40.4715	3,10,7
UnitedStates,-80.0851,42.1292	1,21,7
UnitedStates,-80.0945,40.5101	1,11,7
UnitedStates,-80.1331,26.1254	1,8,7
UnitedStates,-80.2331,35.8168	2,2,7
UnitedStates,-80.2442,36.0999	2,8,7
UnitedStates,-80.2759,26.1206	3,1,7
UnitedStates,-80.4498,26.6503	4,4,7
UnitedStates,-80.5873,27.2	1,10,7
UnitedStates,-80.6332,32.4502	1,9,7
UnitedStates,-80.6593,37.0373	3,4,7
UnitedStates,-80.6923,32.3352	0,2,7
UnitedStates,-80.7898,41.8651	4,4,7
UnitedStates,-80.9073,33.0065	1,10,7
UnitedStates,-81.1998,35.3001	0,8,7
UnitedStates,-81.232,34.9874	0,5,7
UnitedStates,-81.3656,28.6611	3,1,7
UnitedStates,-81.3865,41.4362	2,6,7
UnitedStates,-81.4076,28.292	0,5,7
UnitedStates,-81.4173,26.4187	2,1,7
UnitedStates,-81.5498,41.2417	6,10,7
UnitedStates,-81.5831,24.6671	1,8,7
UnitedStates,-81.6954,41.4995	2,13,7
UnitedStates,-81.717,27.8333	2,1265,7
UnitedStates,-81.7826,24.5557	1,2,7
UnitedStates,-81.9498,28.0395	1,4,7
UnitedStates,-82.1401,29.1872	1,6,7
UnitedStates,-82.394,34.8526	1,4,7
UnitedStates,-82.4584,27.9475	2,65,7
UnitedStates,-82.8001,27.9659	0,8,7
UnitedStates,-83.0458,42.3314	2,213,7
UnitedStates,-83.1763,42.3223	1,56,7
UnitedStates,-83.6091,41.6698	1,4,7
UnitedStates,-83.6666,41.6501	1,16,7
UnitedStates,-83.6833,43.0334	0,6,7
UnitedStates,-83.7272,43.0153	0,5,7
UnitedStates,-83.8419,37.9737	0,2,7
UnitedStates,-83.8516,43.6409	1,2,7
UnitedStates,-84.0167,43.7334	1,3,7
UnitedStates,-84.2999,39.7503	0,8,7
UnitedStates,-84.6514,37.669	1,359,7
UnitedStates,-84.7499,33.7001	1,6,7
UnitedStates,-84.8666,32.5007	2,1,7
UnitedStates,-84.8666,35.1501	3,9,7
UnitedStates,-85.0269,35.949	2,10,7
UnitedStates,-85.063,36.9848	2,4,7
UnitedStates,-85.15,35.2001	3,2,7
UnitedStates,-85.1639,40.7437	1,2,7
UnitedStates,-85.3097,35.0456	3,9,7
UnitedStates,-85.5167,42.7892	0,5,7
UnitedStates,-85.6448,42.8695	1,10,7
UnitedStates,-85.7833,34.4501	0,4,7
UnitedStates,-85.8316,33.6598	0,10,7
UnitedStates,-85.8717,34.084	3,32,7
UnitedStates,-86.0003,34.7668	3,5,7
UnitedStates,-86.0653,35.2912	4,4,7
UnitedStates,-86.0667,35.4834	3,4,7
UnitedStates,-86.1666,30.6257	2,10,7
UnitedStates,-86.2392,41.7031	4,2,7
UnitedStates,-86.7417,33.504	2,24,7
UnitedStates,-86.7489,35.7449	2,498,7
UnitedStates,-86.7844,36.1659	4,28,7
UnitedStates,-86.8008,33.4718	0,2,7
UnitedStates,-86.9132,46.4638	3,9,7
UnitedStates,-86.9833,34.6059	3,2,7
UnitedStates,-87.3344,33.7223	0,6,7
UnitedStates,-87.4139,39.4667	1,18,7
UnitedStates,-87.4833,36.4834	1,8,7
UnitedStates,-87.6214,34.2265	2,4,7
UnitedStates,-87.6501,41.85	1,981,7
UnitedStates,-87.7181,41.9814	1,2,7
UnitedStates,-87.7334,42.0334	2,56,7
UnitedStates,-87.8406,42.2586	2,7,7
UnitedStates,-87.8448,42.3636	4,4,7
UnitedStates,-87.9028,30.5204	3,5,7
UnitedStates,-87.9373,42.0664	1,4,7
UnitedStates,-88.0076,45.2325	1,10,7
UnitedStates,-88.2434,40.1164	3,4,7
UnitedStates,-88.2579,42.1211	3,6,7
UnitedStates,-88.5345,30.4116	3,6,7
UnitedStates,-88.5561,30.3658	2,2,7
UnitedStates,-89.0022,40.3363	1,410,7
UnitedStates,-89.0928,30.3674	2,62,7
UnitedStates,-89.3168,42.0334	1,2,7
UnitedStates,-89.6385,44.2563	2,230,7
UnitedStates,-89.6437,39.8017	2,23,7
UnitedStates,-90.1779,44.6616	5,1,7
UnitedStates,-90.3076,38.6834	1,22,7
UnitedStates,-90.3093,38.6559	0,4,7
UnitedStates,-90.6454,38.7475	4,14,7
UnitedStates,-91.0157,34.6354	2,10,7
UnitedStates,-91.1168,36.0334	1,40,7
UnitedStates,-91.3559,31.5479	1,1,7
UnitedStates,-91.5682,43.0847	3,4,7
UnitedStates,-92.2896,34.7465	1,22,7
UnitedStates,-92.302,38.4623	2,334,7
UnitedStates,-92.3168,43.35	1,7,7
UnitedStates,-92.4417,34.9556	2,50,7
UnitedStates,-92.4455,42.5278	0,48,7
UnitedStates,-92.9649,44.963	3,6,7
UnitedStates,-92.9919,43.6783	7,5,7
UnitedStates,-92.9952,44.953	3,10,7
UnitedStates,-93.1383,44.8836	3,10,7
UnitedStates,-93.1835,36.9667	1,6,7
UnitedStates,-93.214,42.0046	1,920,7
UnitedStates,-93.2177,43.4444	0,4,7
UnitedStates,-93.2669,43.3833	1,2,7
UnitedStates,-93.7502,32.5252	1,8,7
UnitedStates,-93.8835,33.2835	1,4,7
UnitedStates,-93.9196,45.7326	2,460,7
UnitedStates,-93.9288,29.8988	5,1,7
UnitedStates,-93.9994,44.1636	1,24,7
UnitedStates,-94.2088,36.3729	1,2,7
UnitedStates,-94.4664,45.2064	1,8,7
UnitedStates,-94.683,43.1127	4,10,7
UnitedStates,-95.201,29.5294	2,6,7
UnitedStates,-95.3633,29.7633	1,385,7
UnitedStates,-95.4027,29.7173	2,4,7
UnitedStates,-95.4094,32.5157	1,4,7
UnitedStates,-95.9378,41.2586	1,44,7
UnitedStates,-95.9672,41.2708	2,4,7
UnitedStates,-96.5878,28.3492	3,12,7
UnitedStates,-96.7003,43.55	1,46,7
UnitedStates,-96.9247,35.5376	1,708,7
UnitedStates,-97.0511,28.0261	2,6,7
UnitedStates,-97.0647,33.154	0,4,7
UnitedStates,-97.097,33.0146	2,4,7
UnitedStates,-97.1259,43.3083	0,10,7
UnitedStates,-97.1837,41.9167	0,5,7
UnitedStates,-97.4337,35.8834	0,8,7
UnitedStates,-97.5164,35.4676	2,1,7
UnitedStates,-97.6159,35.5123	2,2,7
UnitedStates,-97.6364,27.3006	1,10,7
UnitedStates,-97.6656,35.4859	4,16,7
UnitedStates,-97.957,34.7826	1,10,7
UnitedStates,-98.0032,46.9233	0,30,7
UnitedStates,-98.3087,45.5527	3,4,7
UnitedStates,-98.517,29.4502	0,661,7
UnitedStates,-98.7084,46.9105	1,8,7
UnitedStates,-99.217,36.5167	3,4,7
UnitedStates,-99.34,38.8724	3,3,7
UnitedStates,-99.7331,32.4487	1,36,7
Uruguay,-56.0,-33.0	2,343,7
Uzbekistan,72.3442,40.7821	2,8,7
VaticanCity,12.45,41.9	3,102,7
Venezuela,-63.5643,10.1787	3,8,7
Vietnam,103.017,21.3833	4,2,7
Vietnam,104.033,22.0167	3,2,7
Vietnam,105.85,21.0333	0,31,7
Vietnam,107.0,11.0	1,21,7
Vietnam,108.383,15.4333	2,1,7
VirginIslands,-64.8333,18.3333	1,50,7
WestBank,34.917,31.4361	0,3,7
WestBank,35.25,31.6667	2,80,7
Yemen,43.3,15.3333	1,1,7
Yemen,44.8819,13.0567	2,88,7
Yemen,46.4833,14.4833	1,5,7
Yemen,48.0,15.0	1,1735,7
Zambia,27.1416,-14.4954	2,126,7
Zambia,28.2833,-15.4167	1,36,7
Zambia,32.6335,-10.1606	0,6,7
Zimbabwe,31.0447,-17.8178	0,252,7
